# X-ray diffraction data of amorphous ice, measured at APS beamline 6 ID-D by  Mariedahl et al. (J. Phys. Chem. B 2018, DOI: 10.1021/acs.jpcb.8b04823)# Oxygen-Oxygen PDF g_OO(r) shown in Figure 3 of corresponding paper # LDA-II (sample #1)
# r[Å] g_OO(r)
1.000000000000000444e+00 -2.273851750233015778e-01
1.020000000000000462e+00 -1.695748737956894736e-01
1.040000000000000480e+00 -1.048952360475945422e-01
1.060000000000000497e+00 -3.951802080153399288e-02
1.080000000000000515e+00 2.141924142893081306e-02
1.100000000000000533e+00 7.412188006265019169e-02
1.120000000000000551e+00 1.162600401643248960e-01
1.140000000000000568e+00 1.469134460170195000e-01
1.160000000000000586e+00 1.663698311877571667e-01
1.180000000000000604e+00 1.758233241077190590e-01
1.200000000000000622e+00 1.770268731627391290e-01
1.220000000000000639e+00 1.719524390579670881e-01
1.240000000000000657e+00 1.625048371916780754e-01
1.260000000000000675e+00 1.503214570832808183e-01
1.280000000000000693e+00 1.366730171428199858e-01
1.300000000000000711e+00 1.224627670589139017e-01
1.320000000000000728e+00 1.083057926031545382e-01
1.340000000000000746e+00 9.465852770570626351e-02
1.360000000000000764e+00 8.196271419544842729e-02
1.380000000000000782e+00 7.076843253958364777e-02
1.400000000000000799e+00 6.180706595925689051e-02
1.420000000000000817e+00 5.599591006776660773e-02
1.440000000000000835e+00 5.436971673962476270e-02
1.460000000000000853e+00 5.794853870768201798e-02
1.480000000000000870e+00 6.756358721682065305e-02
1.500000000000000888e+00 8.367151175950438002e-02
1.520000000000000906e+00 1.061912264619876423e-01
1.540000000000000924e+00 1.343955747728911021e-01
1.560000000000000941e+00 1.668830081626485606e-01
1.580000000000000959e+00 2.016431038574210410e-01
1.600000000000000977e+00 2.362158339315399702e-01
1.620000000000000995e+00 2.679300771422865601e-01
1.640000000000001013e+00 2.941940764093803340e-01
1.660000000000001030e+00 3.128013120045259887e-01
1.680000000000001048e+00 3.222110155396689102e-01
1.700000000000001066e+00 3.217640284296623410e-01
1.720000000000001084e+00 3.118018400776987331e-01
1.740000000000001101e+00 2.936685499563324031e-01
1.760000000000001119e+00 2.695906161089254294e-01
1.780000000000001137e+00 2.424455301064977475e-01
1.800000000000001155e+00 2.154457420730084838e-01
1.820000000000001172e+00 1.917761048122218481e-01
1.840000000000001190e+00 1.742300794250827289e-01
1.860000000000001208e+00 1.648908720766817382e-01
1.880000000000001226e+00 1.648983011916885788e-01
1.900000000000001243e+00 1.743311493178606453e-01
1.920000000000001261e+00 1.922194649888638862e-01
1.940000000000001279e+00 2.166838079672672723e-01
1.960000000000001297e+00 2.451812009385605506e-01
1.980000000000001315e+00 2.748230293859370565e-01
2.000000000000001332e+00 3.027204915039065636e-01
2.020000000000001350e+00 3.263100042051388927e-01
2.040000000000001368e+00 3.436149143411457718e-01
2.060000000000001386e+00 3.534106024689340764e-01
2.080000000000001403e+00 3.552761611644228434e-01
2.100000000000001421e+00 3.495348322350004810e-01
2.120000000000001439e+00 3.371040912199613215e-01
2.140000000000001457e+00 3.192911495125849708e-01
2.160000000000001474e+00 2.975774816706563408e-01
2.180000000000001492e+00 2.734345973877641001e-01
2.200000000000001510e+00 2.482022587448782236e-01
2.220000000000001528e+00 2.230415860457944655e-01
2.240000000000001545e+00 1.989532613376320258e-01
2.260000000000001563e+00 1.768313804612986484e-01
2.280000000000001581e+00 1.575129861770109274e-01
2.300000000000001599e+00 1.417872073221388973e-01
2.320000000000001616e+00 1.303482939975190158e-01
2.340000000000001634e+00 1.237110427435190729e-01
2.360000000000001652e+00 1.221472358720633311e-01
2.380000000000001670e+00 1.257351498030010450e-01
2.400000000000001688e+00 1.346253216249928553e-01
2.420000000000001705e+00 1.495989942671269723e-01
2.440000000000001723e+00 1.729198880282920570e-01
2.460000000000001741e+00 2.093551519302843944e-01
2.480000000000001759e+00 2.670869035413578896e-01
2.500000000000001776e+00 3.580974960890045411e-01
2.520000000000001794e+00 4.975607402982467065e-01
2.540000000000001812e+00 7.018859096770231343e-01
2.560000000000001830e+00 9.853865598920888980e-01
2.580000000000001847e+00 1.356043185426275777e+00
2.600000000000001865e+00 1.811344523260920436e+00
2.620000000000001883e+00 2.335489652935476279e+00
2.640000000000001901e+00 2.899096198801847102e+00
2.660000000000001918e+00 3.461935200851966155e+00
2.680000000000001936e+00 3.978291575219582654e+00
2.700000000000001954e+00 4.403708049464079011e+00
2.720000000000001972e+00 4.701481147145265993e+00
2.740000000000001990e+00 4.847492773528299992e+00
2.760000000000002007e+00 4.832629493513772800e+00
2.780000000000002025e+00 4.662811768706641047e+00
2.800000000000002043e+00 4.357186688606036640e+00
2.820000000000002061e+00 3.945178824838843745e+00
2.840000000000002078e+00 3.462925852030848350e+00
2.860000000000002096e+00 2.949372468291527660e+00
2.880000000000002114e+00 2.442177063070429810e+00
2.900000000000002132e+00 1.973691579570855836e+00
2.920000000000002149e+00 1.567523029266931545e+00
2.940000000000002167e+00 1.236367219382972227e+00
2.960000000000002185e+00 9.817149709779828815e-01
2.980000000000002203e+00 7.956049912481859554e-01
3.000000000000002220e+00 6.639825525226984437e-01
3.020000000000002238e+00 5.707090635328293526e-01
3.040000000000002256e+00 5.011146637474106491e-01
3.060000000000002274e+00 4.442630171438707309e-01
3.080000000000002292e+00 3.936470655883328451e-01
3.100000000000002309e+00 3.465830121590482982e-01
3.120000000000002327e+00 3.028931469841159574e-01
3.140000000000002345e+00 2.634965692657589287e-01
3.160000000000002363e+00 2.293382610001985233e-01
3.180000000000002380e+00 2.008239692969071566e-01
3.200000000000002398e+00 1.777113980753191047e-01
3.220000000000002416e+00 1.592927644522076358e-01
3.240000000000002434e+00 1.446853560209068190e-01
3.260000000000002451e+00 1.330897162979809423e-01
3.280000000000002469e+00 1.239404314227819937e-01
3.300000000000002487e+00 1.169345700004899014e-01
3.320000000000002505e+00 1.119642076841539380e-01
3.340000000000002522e+00 1.089993867164533725e-01
3.360000000000002540e+00 1.079695403779572516e-01
3.380000000000002558e+00 1.086805702441295818e-01
3.400000000000002576e+00 1.107875710180127315e-01
3.420000000000002593e+00 1.138251464318635886e-01
3.440000000000002611e+00 1.172824908242219299e-01
3.460000000000002629e+00 1.207013502072326050e-01
3.480000000000002647e+00 1.237723059349719046e-01
3.500000000000002665e+00 1.264077811720497602e-01
3.520000000000002682e+00 1.287770684137408139e-01
3.540000000000002700e+00 1.312974737844457840e-01
3.560000000000002718e+00 1.345844444213464275e-01
3.580000000000002736e+00 1.393707735219016364e-01
3.600000000000002753e+00 1.464096852685273786e-01
3.620000000000002771e+00 1.563783547797886753e-01
3.640000000000002789e+00 1.697972707238910584e-01
3.660000000000002807e+00 1.869772595593566233e-01
3.680000000000002824e+00 2.080007259306425327e-01
3.700000000000002842e+00 2.327376783241734692e-01
3.720000000000002860e+00 2.608914107304450836e-01
3.740000000000002878e+00 2.920642136605554606e-01
3.760000000000002895e+00 3.258308716994072762e-01
3.780000000000002913e+00 3.618073099518758218e-01
3.800000000000002931e+00 3.997035272505194969e-01
3.820000000000002949e+00 4.393534751654518677e-01
3.840000000000002967e+00 4.807190949673986191e-01
3.860000000000002984e+00 5.238704434757293082e-01
3.880000000000003002e+00 5.689478666222436143e-01
3.900000000000003020e+00 6.161148265986431394e-01
3.920000000000003038e+00 6.655108529181599231e-01
3.940000000000003055e+00 7.172131202666633953e-01
3.960000000000003073e+00 7.712126552895414155e-01
3.980000000000003091e+00 8.274077167085313045e-01
4.000000000000003553e+00 8.856132109646649431e-01
4.020000000000003126e+00 9.455818402134215095e-01
4.040000000000002700e+00 1.007030636064134566e+00
4.060000000000003162e+00 1.069665965804649232e+00
4.080000000000003624e+00 1.133201050744069072e+00
4.100000000000003197e+00 1.197362240792334998e+00
4.120000000000002771e+00 1.261883229805679019e+00
4.140000000000003233e+00 1.326489420114652651e+00
4.160000000000003695e+00 1.390877098816905022e+00
4.180000000000003268e+00 1.454693452516337082e+00
4.200000000000002842e+00 1.517523438278396197e+00
4.220000000000003304e+00 1.578888156029958800e+00
4.240000000000003766e+00 1.638256928046281091e+00
4.260000000000003340e+00 1.695072304798403096e+00
4.280000000000002913e+00 1.748784318605935084e+00
4.300000000000003375e+00 1.798888116176929231e+00
4.320000000000003837e+00 1.844958093114396958e+00
4.340000000000003411e+00 1.886672060664243089e+00
4.360000000000002984e+00 1.923820739432817728e+00
4.380000000000003446e+00 1.956300658145451621e+00
4.400000000000003908e+00 1.984091786230369525e+00
4.420000000000003482e+00 2.007224293077702004e+00
4.440000000000003055e+00 2.025741079516376164e+00
4.460000000000003517e+00 2.039663699398362340e+00
4.480000000000003979e+00 2.048968763680762528e+00
4.500000000000003553e+00 2.053579975756893994e+00
4.520000000000003126e+00 2.053377948372782313e+00
4.540000000000003588e+00 2.048226476033458532e+00
4.560000000000004050e+00 2.038010659386515488e+00
4.580000000000003624e+00 2.022679843435030822e+00
4.600000000000003197e+00 2.002287222631758290e+00
4.620000000000003659e+00 1.977018409259145404e+00
4.640000000000004121e+00 1.947203181089722790e+00
4.660000000000003695e+00 1.913307656106038923e+00
4.680000000000003268e+00 1.875907704832294964e+00
4.700000000000003730e+00 1.835647820018021292e+00
4.720000000000004192e+00 1.793192265201637881e+00
4.740000000000003766e+00 1.749176622942322012e+00
4.760000000000003340e+00 1.704167620281477724e+00
4.780000000000003801e+00 1.658637384506664869e+00
4.800000000000004263e+00 1.612955425545466337e+00
4.820000000000003837e+00 1.567398219069999765e+00
4.840000000000003411e+00 1.522172948524556091e+00
4.860000000000003872e+00 1.477449398995809515e+00
4.880000000000004334e+00 1.433392671004694030e+00
4.900000000000003908e+00 1.390189538047039708e+00
4.920000000000003482e+00 1.348062852999451167e+00
4.940000000000003944e+00 1.307271078427708400e+00
4.960000000000004405e+00 1.268093224774464733e+00
4.980000000000003979e+00 1.230802577039550982e+00
5.000000000000003553e+00 1.195634952426541719e+00
5.020000000000004015e+00 1.162758388931064646e+00
5.040000000000004476e+00 1.132250894144579023e+00
5.060000000000004050e+00 1.104091249810471353e+00
5.080000000000003624e+00 1.078165210362109327e+00
5.100000000000004086e+00 1.054286297019916052e+00
5.120000000000004547e+00 1.032227411763452007e+00
5.140000000000004121e+00 1.011757282103529887e+00
5.160000000000003695e+00 9.926747468110128647e-01
5.180000000000004157e+00 9.748343077641867804e-01
5.200000000000004619e+00 9.581581210311005403e-01
5.220000000000004192e+00 9.426323294998036895e-01
5.240000000000003766e+00 9.282888002282188022e-01
5.260000000000004228e+00 9.151762853559020083e-01
5.280000000000004690e+00 9.033271797533142244e-01
5.300000000000004263e+00 8.927269658218822679e-01
5.320000000000003837e+00 8.832929280807191308e-01
5.340000000000004299e+00 8.748668850451248868e-01
5.360000000000004761e+00 8.672238871952974160e-01
5.380000000000004334e+00 8.600956247249278430e-01
5.400000000000003908e+00 8.532043164430088700e-01
5.420000000000004370e+00 8.463007051695006222e-01
5.440000000000004832e+00 8.391988944807649009e-01
5.460000000000004405e+00 8.318013061154261312e-01
5.480000000000003979e+00 8.241089105725620811e-01
5.500000000000004441e+00 8.162147150198902912e-01
5.520000000000004903e+00 8.082817219802402864e-01
5.540000000000004476e+00 8.005095604587723068e-01
5.560000000000004050e+00 7.930961482984643096e-01
5.580000000000004512e+00 7.862016470454885608e-01
5.600000000000004974e+00 7.799214452047812385e-01
5.620000000000004547e+00 7.742730633556925701e-01
5.640000000000004121e+00 7.691990873121596906e-01
5.660000000000004583e+00 7.645850617614634581e-01
5.680000000000005045e+00 7.602883493278796978e-01
5.700000000000004619e+00 7.561718593264624699e-01
5.720000000000004192e+00 7.521356892250502524e-01
5.740000000000004654e+00 7.481402628728185400e-01
5.760000000000005116e+00 7.442163742744147825e-01
5.780000000000004690e+00 7.404602787369207739e-01
5.800000000000004263e+00 7.370150585471513249e-01
5.820000000000004725e+00 7.340423032808656156e-01
5.840000000000005187e+00 7.316901176928483075e-01
5.860000000000004761e+00 7.300642060528690358e-01
5.880000000000004334e+00 7.292081342711385084e-01
5.900000000000004796e+00 7.290969731350880334e-01
5.920000000000005258e+00 7.296457628381096683e-01
5.940000000000004832e+00 7.307311708965700259e-01
5.960000000000004405e+00 7.322219647974460566e-01
5.980000000000004867e+00 7.340120465218602508e-01
6.000000000000005329e+00 7.360491821176693428e-01
6.020000000000004903e+00 7.383533365142603833e-01
6.040000000000004476e+00 7.410205429651326448e-01
6.060000000000004938e+00 7.442110987810394152e-01
6.080000000000005400e+00 7.481240144923969604e-01
6.100000000000004974e+00 7.529624253106960152e-01
6.120000000000004547e+00 7.588965430305166793e-01
6.140000000000005009e+00 7.660313046469831022e-01
6.160000000000005471e+00 7.743850383055985720e-01
6.180000000000005045e+00 7.838833761285978197e-01
6.200000000000004619e+00 7.943697053886710213e-01
6.220000000000005080e+00 8.056302420646781481e-01
6.240000000000005542e+00 8.174289663316326449e-01
6.260000000000005116e+00 8.295457395408568635e-01
6.280000000000004690e+00 8.418103060677852856e-01
6.300000000000005151e+00 8.541256929617470073e-01
6.320000000000005613e+00 8.664765960408674639e-01
6.340000000000005187e+00 8.789212736336938780e-01
6.360000000000004761e+00 8.915686808286797937e-01
6.380000000000005222e+00 9.045454362134941473e-01
6.400000000000005684e+00 9.179591591786679938e-01
6.420000000000005258e+00 9.318653702724798427e-01
6.440000000000004832e+00 9.462443874085749718e-01
6.460000000000005294e+00 9.609926341862180532e-01
6.480000000000005755e+00 9.759299080195782405e-01
6.500000000000005329e+00 9.908210065691168689e-01
6.520000000000004903e+00 1.005407305255837880e+00
6.540000000000005365e+00 1.019441969428009243e+00
6.560000000000005826e+00 1.032721844606210526e+00
6.580000000000005400e+00 1.045109816153388271e+00
6.600000000000004974e+00 1.056543408595583600e+00
6.620000000000005436e+00 1.067028203798591202e+00
6.640000000000005898e+00 1.076617732296387242e+00
6.660000000000005471e+00 1.085384218847748938e+00
6.680000000000005045e+00 1.093386399197928460e+00
6.700000000000005507e+00 1.100641206865734079e+00
6.720000000000005969e+00 1.107105344277981240e+00
6.740000000000005542e+00 1.112670761731821001e+00
6.760000000000005116e+00 1.117175269990641873e+00
6.780000000000005578e+00 1.120426466612418626e+00
6.800000000000006040e+00 1.122234468911665894e+00
6.820000000000005613e+00 1.122447151436980484e+00
6.840000000000005187e+00 1.120981038114036599e+00
6.860000000000005649e+00 1.117841805458732463e+00
6.880000000000006111e+00 1.113130351509220795e+00
6.900000000000005684e+00 1.107033177753222297e+00
6.920000000000005258e+00 1.099798864803128939e+00
6.940000000000005720e+00 1.091705097692359905e+00
6.960000000000006182e+00 1.083022487403356493e+00
6.980000000000005755e+00 1.073981992559516430e+00
7.000000000000005329e+00 1.064751965379686194e+00
7.020000000000005791e+00 1.055428889949753257e+00
7.040000000000006253e+00 1.046043141136333343e+00
7.060000000000005826e+00 1.036578114370003689e+00
7.080000000000005400e+00 1.026998449541405289e+00
7.100000000000005862e+00 1.017281313226201522e+00
7.120000000000006324e+00 1.007444154784109314e+00
7.140000000000005898e+00 9.975631147795288589e-01
7.160000000000005471e+00 9.877781800162901416e-01
7.180000000000005933e+00 9.782838626157690509e-01
7.200000000000006395e+00 9.693070958421012850e-01
7.220000000000005969e+00 9.610766087375026689e-01
7.240000000000005542e+00 9.537897585540205947e-01
7.260000000000006004e+00 9.475833290526848307e-01
7.280000000000006466e+00 9.425140448585682673e-01
7.300000000000006040e+00 9.385526624408452312e-01
7.320000000000005613e+00 9.355928542835517669e-01
7.340000000000006075e+00 9.334732280684031602e-01
7.360000000000006537e+00 9.320082829957602177e-01
7.380000000000006111e+00 9.310223969732820404e-01
7.400000000000005684e+00 9.303803908737077188e-01
7.420000000000006146e+00 9.300089287445525432e-01
7.440000000000006608e+00 9.299048371510755251e-01
7.460000000000006182e+00 9.301289974640173375e-01
7.480000000000005755e+00 9.307872734857343122e-01
7.500000000000006217e+00 9.320024329445930622e-01
7.520000000000006679e+00 9.338827210498766851e-01
7.540000000000006253e+00 9.364933241175087408e-01
7.560000000000005826e+00 9.398363203038877511e-01
7.580000000000006288e+00 9.438429916212924820e-01
7.600000000000006750e+00 9.483799155245635770e-01
7.620000000000006324e+00 9.532675535190742178e-01
7.640000000000005898e+00 9.583076384108490942e-01
7.660000000000006359e+00 9.633139985159238083e-01
7.680000000000006821e+00 9.681408606255488269e-01
7.700000000000006395e+00 9.727032452258977946e-01
7.720000000000005969e+00 9.769856790165307725e-01
7.740000000000006430e+00 9.810377713137020672e-01
7.760000000000006892e+00 9.849577686610455629e-01
7.780000000000006466e+00 9.888675110019538028e-01
7.800000000000006040e+00 9.928838166706878132e-01
7.820000000000006501e+00 9.970919208824520208e-01
7.840000000000006963e+00 1.001526083845935888e+00
7.860000000000006537e+00 1.006160988666610523e+00
7.880000000000006111e+00 1.010915375639918956e+00
7.900000000000006573e+00 1.015666945325523152e+00
7.920000000000007034e+00 1.020275384173982891e+00
7.940000000000006608e+00 1.024608844777337602e+00
7.960000000000006182e+00 1.028568632769042868e+00
7.980000000000006644e+00 1.032107308770945586e+00
8.000000000000007105e+00 1.035236796350326838e+00
8.020000000000006679e+00 1.038025106098935835e+00
8.040000000000006253e+00 1.040582533119841280e+00
8.060000000000005826e+00 1.043040215591466646e+00
8.080000000000007176e+00 1.045525362803482627e+00
8.100000000000006750e+00 1.048138007400243099e+00
8.120000000000006324e+00 1.050933721310984170e+00
8.140000000000007674e+00 1.053915461622068728e+00
8.160000000000007248e+00 1.057035851319013009e+00
8.180000000000006821e+00 1.060209129599770650e+00
8.200000000000006395e+00 1.063330138646037204e+00
8.220000000000005969e+00 1.066296409902564024e+00
8.240000000000007319e+00 1.069028914729327928e+00
8.260000000000006892e+00 1.071487428734567260e+00
8.280000000000006466e+00 1.073677627300230197e+00
8.300000000000007816e+00 1.075648731010618864e+00
8.320000000000007390e+00 1.077482404695773610e+00
8.340000000000006963e+00 1.079275306638779020e+00
8.360000000000006537e+00 1.081118857594515870e+00
8.380000000000006111e+00 1.083080237048030803e+00
8.400000000000007461e+00 1.085188252694800237e+00
8.420000000000007034e+00 1.087426664635847029e+00
8.440000000000006608e+00 1.089736010812711653e+00
8.460000000000007958e+00 1.092023293433086684e+00
8.480000000000007532e+00 1.094177386258547102e+00
8.500000000000007105e+00 1.096087000147029089e+00
8.520000000000006679e+00 1.097657684857292093e+00
8.540000000000006253e+00 1.098824695765623582e+00
8.560000000000007603e+00 1.099559517941536280e+00
8.580000000000007176e+00 1.099869200365241717e+00
8.600000000000006750e+00 1.099789121128078806e+00
8.620000000000008100e+00 1.099371079954687858e+00
8.640000000000007674e+00 1.098669446837815977e+00
8.660000000000007248e+00 1.097728333628492869e+00
8.680000000000006821e+00 1.096572374535414562e+00
8.700000000000006395e+00 1.095202804906522998e+00
8.720000000000007745e+00 1.093599321212334941e+00
8.740000000000007319e+00 1.091726951656886602e+00
8.760000000000006892e+00 1.089546130132406754e+00
8.780000000000008242e+00 1.087023556422608506e+00
8.800000000000007816e+00 1.084141356904335440e+00
8.820000000000007390e+00 1.080902529697638004e+00
8.840000000000006963e+00 1.077331550047363695e+00
8.860000000000006537e+00 1.073470123194298909e+00
8.880000000000007887e+00 1.069369158881150472e+00
8.900000000000007461e+00 1.065078870262675226e+00
8.920000000000007034e+00 1.060639296262642972e+00
8.940000000000008384e+00 1.056073431480539115e+00
8.960000000000007958e+00 1.051384553024969026e+00
8.980000000000007532e+00 1.046558392563466944e+00
9.000000000000007105e+00 1.041569720309391656e+00
9.020000000000006679e+00 1.036391919631585612e+00
9.040000000000008029e+00 1.031007448969845752e+00
9.060000000000007603e+00 1.025416858164526435e+00
9.080000000000007176e+00 1.019644299146834632e+00
9.100000000000008527e+00 1.013738189859767935e+00
9.120000000000008100e+00 1.007766704980401995e+00
9.140000000000007674e+00 1.001808864987270953e+00
9.160000000000007248e+00 9.959429461268121120e-01
9.180000000000006821e+00 9.902345377694293793e-01
9.200000000000008171e+00 9.847267018741160394e-01
9.220000000000007745e+00 9.794343110485591586e-01
9.240000000000007319e+00 9.743438303034123171e-01
9.260000000000008669e+00 9.694187252657870957e-01
9.280000000000008242e+00 9.646095442555416843e-01
9.300000000000007816e+00 9.598667625251209312e-01
9.320000000000007390e+00 9.551538883940144942e-01
9.340000000000006963e+00 9.504582332132972544e-01
9.360000000000008313e+00 9.457971624175055547e-01
9.380000000000007887e+00 9.412184937397158890e-01
9.400000000000007461e+00 9.367948257241506260e-01
9.420000000000008811e+00 9.326127472891980741e-01
9.440000000000008384e+00 9.287588704352817137e-01
9.460000000000007958e+00 9.253052518454918385e-01
9.480000000000007532e+00 9.222969061587985573e-01
9.500000000000007105e+00 9.197437399761192456e-01
9.520000000000008455e+00 9.176184253236693289e-01
9.540000000000008029e+00 9.158606410187302149e-01
9.560000000000007603e+00 9.143869479211923501e-01
9.580000000000008953e+00 9.131045475682160184e-01
9.600000000000008527e+00 9.119264899367227617e-01
9.620000000000008100e+00 9.107856656503792170e-01
9.640000000000007674e+00 9.096451740716975376e-01
9.660000000000007248e+00 9.085033433280413906e-01
9.680000000000008598e+00 9.073926556045106562e-01
9.700000000000008171e+00 9.063729153061828026e-01
9.720000000000007745e+00 9.055199896930623549e-01
9.740000000000009095e+00 9.049121760268576953e-01
9.760000000000008669e+00 9.046165863214102876e-01
9.780000000000008242e+00 9.046778458994385597e-01
9.800000000000007816e+00 9.051109106434547247e-01
9.820000000000007390e+00 9.058990253359331390e-01
9.840000000000008740e+00 9.069969240125346222e-01
9.860000000000008313e+00 9.083384817039602543e-01
9.880000000000007887e+00 9.098473193184928309e-01
9.900000000000009237e+00 9.114484518863005258e-01
9.920000000000008811e+00 9.130790077699293406e-01
9.940000000000008384e+00 9.146963207748143310e-01
9.960000000000007958e+00 9.162822383966929829e-01
9.980000000000007532e+00 9.178431865772855858e-01
1.000000000000000888e+01 9.194062549481689661e-01
1.002000000000000846e+01 9.210121933515320602e-01
1.004000000000000803e+01 9.227066442646154609e-01
1.006000000000000938e+01 9.245311217141910509e-01
1.008000000000000895e+01 9.265151770736684833e-01
1.010000000000000853e+01 9.286709006675156752e-01
1.012000000000000810e+01 9.309904627066097893e-01
1.014000000000000767e+01 9.334468824660134834e-01
1.016000000000000902e+01 9.359977167479931470e-01
1.018000000000000860e+01 9.385909506064921137e-01
1.020000000000000817e+01 9.411721053668842263e-01
1.022000000000000952e+01 9.436914742820675661e-01
1.024000000000000909e+01 9.461104514390177300e-01
1.026000000000000867e+01 9.484061099682870033e-01
1.028000000000000824e+01 9.505734721567185019e-01
1.030000000000000782e+01 9.526252511934678591e-01
1.032000000000000917e+01 9.545891867846801881e-01
1.034000000000000874e+01 9.565034047721076016e-01
1.036000000000000831e+01 9.584104722580859548e-01
1.038000000000000966e+01 9.603509718469480649e-01
1.040000000000000924e+01 9.623574681252747842e-01
1.042000000000000881e+01 9.644496824312589478e-01
1.044000000000000838e+01 9.666315338303229643e-01
1.046000000000000796e+01 9.688904604341939120e-01
1.048000000000000931e+01 9.711991312392325160e-01
1.050000000000000888e+01 9.735193292795404352e-01
1.052000000000000846e+01 9.758074737987165737e-01
1.054000000000000981e+01 9.780209966719428660e-01
1.056000000000000938e+01 9.801246372981153865e-01
1.058000000000000895e+01 9.820957008847880365e-01
1.060000000000000853e+01 9.839274504012989198e-01
1.062000000000000810e+01 9.856300633190615557e-01
1.064000000000000945e+01 9.872289479965093983e-01
1.066000000000000902e+01 9.887606281710608069e-01
1.068000000000000860e+01 9.902668014408337882e-01
1.070000000000000995e+01 9.917874906478724162e-01
1.072000000000000952e+01 9.933543778160391913e-01
1.074000000000000909e+01 9.949854027997131478e-01
1.076000000000000867e+01 9.966815173570987563e-01
1.078000000000000824e+01 9.984261374588051519e-01
1.080000000000000959e+01 1.000187389527420478e+00
1.082000000000000917e+01 1.001922777460233727e+00
1.084000000000000874e+01 1.003585490397087998e+00
1.086000000000001009e+01 1.005131300255249327e+00
1.088000000000000966e+01 1.006524912831099794e+00
1.090000000000000924e+01 1.007744752154428935e+00
1.092000000000000881e+01 1.008785452274380434e+00
1.094000000000000838e+01 1.009657747401017547e+00
1.096000000000000973e+01 1.010385911031589590e+00
1.098000000000000931e+01 1.011003310787744969e+00
1.100000000000000888e+01 1.011546941534861688e+00
1.102000000000001023e+01 1.012051923392792263e+00
1.104000000000000981e+01 1.012546886958214820e+00
1.106000000000000938e+01 1.013050936585604411e+00
1.108000000000000895e+01 1.013572537507007487e+00
1.110000000000000853e+01 1.014110288046035313e+00
1.112000000000000988e+01 1.014655192900353109e+00
1.114000000000000945e+01 1.015193814122954619e+00
1.116000000000000902e+01 1.015711584133128564e+00
1.118000000000001037e+01 1.016195627670788193e+00
1.120000000000000995e+01 1.016636631415403169e+00
1.122000000000000952e+01 1.017029568990697186e+00
1.124000000000000909e+01 1.017373369572174724e+00
1.126000000000000867e+01 1.017669846264800171e+00
1.128000000000001002e+01 1.017922327837859964e+00
1.130000000000000959e+01 1.018134442596326350e+00
1.132000000000000917e+01 1.018309394544246294e+00
1.134000000000001052e+01 1.018449884763521052e+00
1.136000000000001009e+01 1.018558617598298355e+00
1.138000000000000966e+01 1.018639148302403319e+00
1.140000000000000924e+01 1.018696722885700012e+00
1.142000000000000881e+01 1.018738757559212171e+00
1.144000000000001016e+01 1.018774703173696450e+00
1.146000000000000973e+01 1.018815212155522509e+00
1.148000000000000931e+01 1.018870725704756453e+00
1.150000000000001066e+01 1.018949774459625424e+00
1.152000000000001023e+01 1.019057389810965164e+00
1.154000000000000981e+01 1.019194026954328924e+00
1.156000000000000938e+01 1.019355301182250262e+00
1.158000000000000895e+01 1.019532658565278860e+00
1.160000000000001030e+01 1.019714884378616349e+00
1.162000000000000988e+01 1.019890150722036370e+00
1.164000000000000945e+01 1.020048168949315270e+00
1.166000000000001080e+01 1.020181977434678755e+00
1.168000000000001037e+01 1.020288971332811601e+00
1.170000000000000995e+01 1.020370951828372119e+00
1.172000000000000952e+01 1.020433198204591108e+00
1.174000000000000909e+01 1.020482793407659239e+00
1.176000000000001044e+01 1.020526608239744837e+00
1.178000000000001002e+01 1.020569428687541080e+00
1.180000000000000959e+01 1.020612675464185992e+00
1.182000000000001094e+01 1.020654022249834814e+00
1.184000000000001052e+01 1.020688002691902296e+00
1.186000000000001009e+01 1.020707457152360664e+00
1.188000000000000966e+01 1.020705465355388641e+00
1.190000000000000924e+01 1.020677289546556565e+00
1.192000000000001059e+01 1.020621844035403347e+00
1.194000000000001016e+01 1.020542313950771218e+00
1.196000000000000973e+01 1.020445744206824212e+00
1.198000000000001108e+01 1.020341662913002656e+00
1.200000000000001066e+01 1.020240034797173401e+00
1.202000000000001023e+01 1.020149005234812334e+00
1.204000000000000981e+01 1.020072955077494736e+00
1.206000000000000938e+01 1.020011325971518001e+00
1.208000000000001073e+01 1.019958508391419993e+00
1.210000000000001030e+01 1.019904848037320289e+00
1.212000000000000988e+01 1.019838574308838730e+00
1.214000000000001123e+01 1.019748244487814315e+00
1.216000000000001080e+01 1.019625176602138916e+00
1.218000000000001037e+01 1.019465339850157859e+00
1.220000000000000995e+01 1.019270284697631812e+00
1.222000000000000952e+01 1.019046899810315931e+00
1.224000000000001087e+01 1.018806034163582286e+00
1.226000000000001044e+01 1.018560264636460211e+00
1.228000000000001002e+01 1.018321269662828099e+00
1.230000000000001137e+01 1.018097350025180869e+00
1.232000000000001094e+01 1.017891603095318453e+00
1.234000000000001052e+01 1.017701116564636799e+00
1.236000000000001009e+01 1.017517334263323914e+00
1.238000000000000966e+01 1.017327507075503679e+00
1.240000000000001101e+01 1.017116927252016190e+00
1.242000000000001059e+01 1.016871498437687871e+00
1.244000000000001016e+01 1.016580143929225022e+00
1.246000000000001151e+01 1.016236607975190775e+00
1.248000000000001108e+01 1.015840343452025785e+00
1.250000000000001066e+01 1.015396370884517507e+00
1.252000000000001023e+01 1.014914196215242370e+00
1.254000000000000981e+01 1.014406046058617727e+00
1.256000000000001116e+01 1.013884786834836405e+00
1.258000000000001073e+01 1.013361921279463118e+00
1.260000000000001030e+01 1.012846003656265870e+00
1.262000000000001165e+01 1.012341701386990644e+00
1.264000000000001123e+01 1.011849584960571091e+00
1.266000000000001080e+01 1.011366583227045091e+00
1.268000000000001037e+01 1.010886927365446608e+00
1.270000000000000995e+01 1.010403344077162258e+00
1.272000000000001130e+01 1.009908253772557885e+00
1.274000000000001087e+01 1.009394776023967433e+00
1.276000000000001044e+01 1.008857424948869985e+00
1.278000000000001180e+01 1.008292468329843539e+00
1.280000000000001137e+01 1.007698003208040038e+00
1.282000000000001094e+01 1.007073849974742918e+00
1.284000000000001052e+01 1.006421378371733732e+00
1.286000000000001009e+01 1.005743354399061262e+00
1.288000000000001144e+01 1.005043848031729192e+00
1.290000000000001101e+01 1.004328184583936912e+00
1.292000000000001059e+01 1.003602875330290134e+00
1.294000000000001194e+01 1.002875439958891057e+00
1.296000000000001151e+01 1.002154042054339111e+00
1.298000000000001108e+01 1.001446897999324515e+00
1.300000000000001066e+01 1.000761480237632783e+00
1.302000000000001023e+01 1.000103602774044198e+00
1.304000000000001158e+01 9.994765329456866132e-01
1.306000000000001116e+01 9.988803035964176624e-01
1.308000000000001073e+01 9.983113939365221290e-01
1.310000000000001208e+01 9.977629033903842037e-01
1.312000000000001165e+01 9.972252667448342489e-01
1.314000000000001123e+01 9.966874641755485431e-01
1.316000000000001080e+01 9.961385840327796615e-01
1.318000000000001037e+01 9.955695183998889419e-01
1.320000000000001172e+01 9.949745275075940754e-01
1.322000000000001130e+01 9.943524093830991006e-01
1.324000000000001087e+01 9.937070580834823641e-01
1.326000000000001222e+01 9.930472815409802090e-01
1.328000000000001180e+01 9.923858649941837973e-01
1.330000000000001137e+01 9.917379895227840247e-01
1.332000000000001094e+01 9.911192265756278985e-01
1.334000000000001052e+01 9.905434092023306381e-01
1.336000000000001187e+01 9.900207142472805533e-01
1.338000000000001144e+01 9.895562695247376306e-01
1.340000000000001101e+01 9.891495270765549019e-01
1.342000000000001236e+01 9.887945278458186715e-01
1.344000000000001194e+01 9.884810417360609947e-01
1.346000000000001151e+01 9.881964222583043966e-01
1.348000000000001108e+01 9.879278905556792001e-01
1.350000000000001066e+01 9.876648810900580111e-01
1.352000000000001201e+01 9.874010564004447321e-01
1.354000000000001158e+01 9.871356380926034069e-01
1.356000000000001116e+01 9.868738021882184075e-01
1.358000000000001251e+01 9.866260352694595781e-01
1.360000000000001208e+01 9.864065208084606962e-01
1.362000000000001165e+01 9.862307944376501601e-01
1.364000000000001123e+01 9.861130433910586524e-01
1.366000000000001080e+01 9.860635035514629942e-01
1.368000000000001215e+01 9.860864107263005440e-01
1.370000000000001172e+01 9.861788863693738971e-01
1.372000000000001130e+01 9.863309911952178322e-01
1.374000000000001265e+01 9.865269853051505944e-01
1.376000000000001222e+01 9.867476227764881980e-01
1.378000000000001180e+01 9.869731190741892757e-01
1.380000000000001137e+01 9.871862962859122570e-01
1.382000000000001094e+01 9.873753608862012587e-01
1.384000000000001229e+01 9.875358145461753390e-01
1.386000000000001187e+01 9.876711364583272701e-01
1.388000000000001144e+01 9.877920845600149935e-01
1.390000000000001279e+01 9.879147075512154652e-01
1.392000000000001236e+01 9.880573960780030252e-01
1.394000000000001194e+01 9.882374858033073917e-01
1.396000000000001151e+01 9.884680210840578463e-01
1.398000000000001108e+01 9.887552744895659051e-01
1.400000000000001243e+01 9.890974930825638944e-01
1.402000000000001201e+01 9.894851267683574259e-01
1.404000000000001158e+01 9.899025246126924582e-01
1.406000000000001293e+01 9.903308108509690788e-01
1.408000000000001251e+01 9.907514249082016722e-01
1.410000000000001208e+01 9.911496733987135155e-01
1.412000000000001165e+01 9.915176250408108682e-01
1.414000000000001123e+01 9.918557880207188315e-01
1.416000000000001258e+01 9.921732260798246106e-01
1.418000000000001215e+01 9.924860558905846952e-01
1.420000000000001172e+01 9.928145713329570299e-01
1.422000000000001307e+01 9.931795029169510070e-01
1.424000000000001265e+01 9.935980922052202180e-01
1.426000000000001222e+01 9.940807075139337368e-01
1.428000000000001180e+01 9.946286376073405489e-01
1.430000000000001137e+01 9.952334895890541100e-01
1.432000000000001272e+01 9.958783241056471391e-01
1.434000000000001229e+01 9.965403399403556239e-01
1.436000000000001187e+01 9.971946316137266786e-01
1.438000000000001322e+01 9.978183425346249802e-01
1.440000000000001279e+01 9.983944610314494650e-01
1.442000000000001236e+01 9.989145718473823043e-01
1.444000000000001194e+01 9.993800692221613824e-01
1.446000000000001151e+01 9.998016228131995087e-01
1.448000000000001286e+01 1.000197010290430288e+00
1.450000000000001243e+01 1.000587729354757816e+00
1.452000000000001201e+01 1.000995020907756272e+00
1.454000000000001336e+01 1.001436033560701322e+00
1.456000000000001293e+01 1.001920820462275818e+00
1.458000000000001251e+01 1.002450691934849258e+00
1.460000000000001208e+01 1.003018185467364320e+00
1.462000000000001165e+01 1.003608609625695980e+00
1.464000000000001300e+01 1.004202829168839628e+00
1.466000000000001258e+01 1.004780739681964130e+00
1.468000000000001215e+01 1.005324771215651669e+00
1.470000000000001350e+01 1.005822779424053293e+00
1.472000000000001307e+01 1.006269822037917816e+00
1.474000000000001265e+01 1.006668547610868547e+00
1.476000000000001222e+01 1.007028195245138757e+00
1.478000000000001180e+01 1.007362464533259505e+00
1.480000000000001315e+01 1.007686714351590407e+00
1.482000000000001272e+01 1.008015051265745532e+00
1.484000000000001229e+01 1.008357857487504283e+00
1.486000000000001364e+01 1.008720191792955134e+00
1.488000000000001322e+01 1.009101302463593086e+00
1.490000000000001279e+01 1.009495261346238903e+00
1.492000000000001236e+01 1.009892510012742495e+00
1.494000000000001194e+01 1.010281945662213410e+00
1.496000000000001329e+01 1.010653095680851710e+00
1.498000000000001286e+01 1.010997946835549222e+00
1.500000000000001243e+01 1.011312098929719960e+00
1.502000000000001378e+01 1.011595076935555504e+00
1.504000000000001336e+01 1.011849822471690530e+00
1.506000000000001293e+01 1.012081554520743110e+00
1.508000000000001251e+01 1.012296305809503583e+00
1.510000000000001208e+01 1.012499483584097248e+00
1.512000000000001343e+01 1.012694766930858137e+00
1.514000000000001300e+01 1.012883550001569377e+00
1.516000000000001258e+01 1.013064998082819690e+00
1.518000000000001393e+01 1.013236635535443186e+00
1.520000000000001350e+01 1.013395265096563858e+00
1.522000000000001307e+01 1.013537952982954238e+00
1.524000000000001265e+01 1.013662816387256083e+00
1.526000000000001222e+01 1.013769416186330208e+00
1.528000000000001357e+01 1.013858670101990711e+00
1.530000000000001315e+01 1.013932331931643338e+00
1.532000000000001272e+01 1.013992198860608429e+00
1.534000000000001407e+01 1.014039283037124983e+00
1.536000000000001364e+01 1.014073197477167509e+00
1.538000000000001322e+01 1.014091956225680935e+00
1.540000000000001279e+01 1.014092285967237661e+00
1.542000000000001236e+01 1.014070414975299927e+00
1.544000000000001371e+01 1.014023176571065887e+00
1.546000000000001329e+01 1.013949169312232668e+00
1.548000000000001286e+01 1.013849678983339997e+00
1.550000000000001421e+01 1.013729099362631336e+00
1.552000000000001378e+01 1.013594685329848089e+00
1.554000000000001336e+01 1.013455613806363731e+00
1.556000000000001293e+01 1.013321484946522189e+00
1.558000000000001251e+01 1.013200533117485147e+00
1.560000000000001386e+01 1.013097902866689326e+00
1.562000000000001343e+01 1.013014357887584982e+00
1.564000000000001300e+01 1.012945724804696912e+00
1.566000000000001435e+01 1.012883239263933088e+00
1.568000000000001393e+01 1.012814785300127252e+00
1.570000000000001350e+01 1.012726836133939212e+00
1.572000000000001307e+01 1.012606753758697575e+00
1.574000000000001265e+01 1.012445018588330026e+00
1.576000000000001400e+01 1.012236958992109415e+00
1.578000000000001357e+01 1.011983636454274027e+00
1.580000000000001315e+01 1.011691699923469079e+00
1.582000000000001450e+01 1.011372221944941918e+00
1.584000000000001407e+01 1.011038729556091198e+00
1.586000000000001364e+01 1.010704803849745259e+00
1.588000000000001322e+01 1.010381710224841134e+00
1.590000000000001279e+01 1.010076517792430240e+00
1.592000000000001414e+01 1.009791070886548070e+00
1.594000000000001371e+01 1.009522006665581895e+00
1.596000000000001329e+01 1.009261804086148073e+00
1.598000000000001464e+01 1.009000643171571232e+00
1.600000000000001421e+01 1.008728691355014195e+00
1.602000000000001378e+01 1.008438348821853792e+00
1.604000000000001336e+01 1.008125994643442436e+00
1.606000000000001293e+01 1.007792878252009361e+00
1.608000000000001251e+01 1.007444975666458298e+00
1.610000000000001563e+01 1.007091841311846148e+00
1.612000000000001165e+01 1.006744691260549551e+00
1.614000000000001478e+01 1.006414110546027585e+00
1.616000000000001435e+01 1.006107853986658807e+00
1.618000000000001393e+01 1.005829191187799898e+00
1.620000000000001350e+01 1.005576136054344261e+00
1.622000000000001307e+01 1.005341721891889861e+00
1.624000000000001620e+01 1.005115271636098484e+00
1.626000000000001222e+01 1.004884412019188211e+00
1.628000000000001535e+01 1.004637431283064597e+00
1.630000000000001492e+01 1.004365512424680640e+00
1.632000000000001450e+01 1.004064401188504485e+00
1.634000000000001407e+01 1.003735183988992752e+00
1.636000000000001364e+01 1.003384031506322493e+00
1.638000000000001322e+01 1.003020971718773025e+00
1.640000000000001279e+01 1.002657949171540608e+00
1.642000000000001592e+01 1.002306566293483359e+00
1.644000000000001194e+01 1.001975959877880573e+00
1.646000000000001506e+01 1.001671230687206871e+00
1.648000000000001464e+01 1.001392724757383057e+00
1.650000000000001421e+01 1.001136286728987246e+00
1.652000000000001378e+01 1.000894405566019607e+00
1.654000000000001336e+01 1.000657992534984553e+00
1.656000000000001293e+01 1.000418407067067417e+00
1.658000000000001251e+01 1.000169302927020887e+00
1.660000000000001563e+01 9.999079128453211007e-01
1.662000000000001521e+01 9.996355139243739973e-01
1.664000000000001478e+01 9.993569921376435072e-01
1.666000000000001435e+01 9.990796150975136403e-01
1.668000000000001393e+01 9.988112882492201638e-01
1.670000000000001350e+01 9.985586765230444195e-01
1.672000000000001307e+01 9.983255995189118659e-01
1.674000000000001620e+01 9.981120486651938739e-01
1.676000000000001577e+01 9.979140423990372488e-01
1.678000000000001535e+01 9.977243581330670352e-01
1.680000000000001492e+01 9.975339945914679651e-01
1.682000000000001450e+01 9.973340634434405549e-01
1.684000000000001407e+01 9.971177169829597009e-01
1.686000000000001364e+01 9.968817078460251446e-01
1.688000000000001322e+01 9.966272495497460193e-01
1.690000000000001279e+01 9.963599879562587969e-01
1.692000000000001592e+01 9.960890746013271180e-01
1.694000000000001549e+01 9.958255162000912986e-01
1.696000000000001506e+01 9.955801231814007668e-01
1.698000000000001464e+01 9.953614636589964704e-01
1.700000000000001421e+01 9.951742309723250468e-01
1.702000000000001378e+01 9.950183525956977082e-01
1.704000000000001336e+01 9.948890221457032945e-01
1.706000000000001648e+01 9.947776538652007838e-01
1.708000000000001606e+01 9.946735768684465961e-01
1.710000000000001563e+01 9.945661408212191912e-01
1.712000000000001521e+01 9.944468242561284033e-01
1.714000000000001478e+01 9.943109368237184054e-01
1.716000000000001435e+01 9.941585867540718713e-01
1.718000000000001393e+01 9.939947281654765154e-01
1.720000000000001350e+01 9.938282808370729748e-01
1.722000000000001307e+01 9.936704925051950132e-01
1.724000000000001620e+01 9.935328561717688967e-01
1.726000000000001577e+01 9.934249753283210804e-01
1.728000000000001535e+01 9.933527740529729533e-01
1.730000000000001492e+01 9.933173774832353420e-01
1.732000000000001450e+01 9.933148567319450839e-01
1.734000000000001407e+01 9.933368676747790227e-01
1.736000000000001364e+01 9.933720476570876423e-01
1.738000000000001677e+01 9.934078996521442662e-01
1.740000000000001634e+01 9.934328143269256506e-01
1.742000000000001592e+01 9.934378697868787578e-01
1.744000000000001549e+01 9.934181056737976245e-01
1.746000000000001506e+01 9.933730788965184910e-01
1.748000000000001464e+01 9.933066488732104071e-01
1.750000000000001421e+01 9.932260823147416318e-01
1.752000000000001378e+01 9.931406839454288704e-01
1.754000000000001336e+01 9.930602292895714944e-01
1.756000000000001648e+01 9.929934882289155329e-01
1.758000000000001606e+01 9.929470848586131604e-01
1.760000000000001563e+01 9.929248526614182779e-01
1.762000000000001521e+01 9.929277345252485176e-01
1.764000000000001478e+01 9.929541683296644328e-01
1.766000000000001435e+01 9.930008126910930821e-01
1.768000000000001393e+01 9.930634197861063495e-01
1.770000000000001705e+01 9.931376596470633533e-01
1.772000000000001663e+01 9.932197396083995988e-01
1.774000000000001620e+01 9.933067315888667315e-01
1.776000000000001577e+01 9.933966008650407797e-01
1.778000000000001535e+01 9.934880036490909561e-01
1.780000000000001492e+01 9.935799706486078131e-01
1.782000000000001450e+01 9.936716097014469673e-01
1.784000000000001407e+01 9.937619407203079902e-01
1.786000000000001364e+01 9.938499271603665752e-01
1.788000000000001677e+01 9.939347033076361138e-01
1.790000000000001634e+01 9.940159325894797337e-01
1.792000000000001592e+01 9.940941850764459797e-01
1.794000000000001549e+01 9.941712044136477022e-01
1.796000000000001506e+01 9.942499506781894425e-01
1.798000000000001464e+01 9.943343530900408123e-01
1.800000000000001421e+01 9.944287746548725604e-01
1.802000000000001734e+01 9.945372641316436724e-01
1.804000000000001691e+01 9.946627320056586896e-01
1.806000000000001648e+01 9.948062214377406676e-01
1.808000000000001606e+01 9.949664430862217301e-01
1.810000000000001563e+01 9.951397026901815934e-01
1.812000000000001521e+01 9.953202791004438499e-01
1.814000000000001478e+01 9.955012218258822987e-01
1.816000000000001435e+01 9.956754491388540851e-01
1.818000000000001393e+01 9.958369588652302706e-01
1.820000000000001705e+01 9.959819292900871091e-01
1.822000000000001663e+01 9.961094956411052914e-01
1.824000000000001620e+01 9.962220383671622770e-01
1.826000000000001577e+01 9.963249042569654046e-01
1.828000000000001535e+01 9.964255846598424338e-01
1.830000000000001492e+01 9.965324770303836122e-01
1.832000000000001450e+01 9.966534369886608236e-01
1.834000000000001762e+01 9.967943721636702836e-01
1.836000000000001720e+01 9.969581273449881209e-01
1.838000000000001677e+01 9.971438627281289380e-01
1.840000000000001634e+01 9.973470419062884229e-01
1.842000000000001592e+01 9.975600394342440946e-01
1.844000000000001549e+01 9.977732690075308275e-01
1.846000000000001506e+01 9.979766425325596879e-01
1.848000000000001464e+01 9.981611140154960093e-01
1.850000000000001421e+01 9.983200500580282633e-01
1.852000000000001734e+01 9.984502022677940181e-01
1.854000000000001691e+01 9.985521290941953287e-01
1.856000000000001648e+01 9.986300116001600724e-01
1.858000000000001606e+01 9.986909114660346143e-01
1.860000000000001563e+01 9.987436114356113004e-01
1.862000000000001521e+01 9.987972426315998575e-01
1.864000000000001478e+01 9.988599295097042585e-01
1.866000000000001791e+01 9.989376687886017958e-01
1.868000000000001748e+01 9.990336080643331673e-01
1.870000000000001705e+01 9.991478138275150522e-01
1.872000000000001663e+01 9.992775320188753696e-01
1.874000000000001620e+01 9.994178628511590778e-01
1.876000000000001577e+01 9.995627092144966364e-01
1.878000000000001535e+01 9.997058240435597876e-01
1.880000000000001492e+01 9.998417802631086593e-01
1.882000000000001450e+01 9.999667150321045472e-01
1.884000000000001762e+01 1.000078750545595696e+00
1.886000000000001720e+01 1.000178055865720061e+00
1.888000000000001677e+01 1.000266576304334132e+00
1.890000000000001634e+01 1.000347508125894569e+00
1.892000000000001592e+01 1.000424629152671496e+00
1.894000000000001549e+01 1.000501606701199142e+00
1.896000000000001506e+01 1.000581393909668604e+00
1.898000000000001819e+01 1.000665798323207012e+00
1.900000000000001776e+01 1.000755269361260913e+00
1.902000000000001734e+01 1.000848911593862134e+00
1.904000000000001691e+01 1.000944695506741366e+00
1.906000000000001648e+01 1.001039811689260928e+00
1.908000000000001606e+01 1.001131100701339482e+00
1.910000000000001563e+01 1.001215489314227547e+00
1.912000000000001521e+01 1.001290372378167648e+00
1.914000000000001478e+01 1.001353895006882766e+00
1.916000000000001791e+01 1.001405108496146168e+00
1.918000000000001748e+01 1.001443992245920400e+00
1.920000000000001705e+01 1.001471350674514094e+00
1.922000000000001663e+01 1.001488607482673210e+00
1.924000000000001620e+01 1.001497529291715649e+00
1.926000000000001577e+01 1.001499916775803189e+00
1.928000000000001535e+01 1.001497304141400146e+00
1.930000000000001847e+01 1.001490707162885574e+00
1.932000000000001805e+01 1.001480455652495660e+00
1.934000000000001762e+01 1.001466137792570654e+00
1.936000000000001720e+01 1.001446670992503174e+00
1.938000000000001677e+01 1.001420497312780711e+00
1.940000000000001634e+01 1.001385882463856181e+00
1.942000000000001592e+01 1.001341278436963522e+00
1.944000000000001549e+01 1.001285694268171378e+00
1.946000000000001506e+01 1.001219010828284572e+00
1.948000000000001819e+01 1.001142176868293765e+00
1.950000000000001776e+01 1.001057236435619391e+00
1.952000000000001734e+01 1.000967161742973177e+00
1.954000000000001691e+01 1.000875497778484613e+00
1.956000000000001648e+01 1.000785860380106307e+00
1.958000000000001606e+01 1.000701361707822201e+00
1.960000000000001563e+01 1.000624059309832337e+00
1.962000000000001876e+01 1.000554531683311321e+00
1.964000000000001833e+01 1.000491671199353449e+00
1.966000000000001791e+01 1.000432754702901272e+00
1.968000000000001748e+01 1.000373806939925059e+00
1.970000000000001705e+01 1.000310219440855963e+00
1.972000000000001663e+01 1.000237536998779486e+00
1.974000000000001620e+01 1.000152285287300602e+00
1.976000000000001577e+01 1.000052694860789515e+00
1.978000000000001535e+01 9.999391839023552553e-01
1.980000000000001847e+01 9.998144952393701601e-01
1.982000000000001805e+01 9.996834379694685691e-01
1.984000000000001762e+01 9.995522517194237455e-01
1.986000000000001720e+01 9.994276802718153885e-01
1.988000000000001677e+01 9.993158983217649283e-01
1.990000000000001634e+01 9.992214692609696636e-01
1.992000000000001592e+01 9.991465156618041243e-01
1.994000000000001904e+01 9.990902554260742141e-01
1.996000000000001862e+01 9.990489992227569171e-01
1.998000000000001819e+01 9.990166281963632766e-01
2.000000000000001776e+01 9.989854882197553021e-01
2.002000000000001734e+01 9.989475629672555090e-01
2.004000000000001691e+01 9.988957363772416054e-01
2.006000000000001648e+01 9.988249354748827136e-01
2.008000000000001606e+01 9.987329611762941761e-01
2.010000000000001563e+01 9.986208651908808909e-01
2.012000000000001876e+01 9.984928068844386440e-01
2.014000000000001833e+01 9.983554117038858644e-01
2.016000000000001791e+01 9.982167369918431010e-01
2.018000000000001748e+01 9.980850168379651333e-01
2.020000000000001705e+01 9.979673934749374586e-01
2.022000000000001663e+01 9.978688425410376928e-01
2.024000000000001620e+01 9.977914637481573035e-01
2.026000000000001933e+01 9.977342439517136174e-01
2.028000000000001890e+01 9.976933181993479227e-01
2.030000000000001847e+01 9.976626707008499073e-01
2.032000000000001805e+01 9.976351465115875783e-01
2.034000000000001762e+01 9.976035981012753018e-01
2.036000000000001720e+01 9.975619761522487305e-01
2.038000000000001677e+01 9.975061922023626959e-01
2.040000000000001634e+01 9.974346274423611103e-01
2.042000000000001592e+01 9.973482275376370776e-01
2.044000000000001904e+01 9.972501952984039741e-01
2.046000000000001862e+01 9.971453584204932330e-01
2.048000000000001819e+01 9.970393373451313934e-01
2.050000000000001776e+01 9.969376613840321699e-01
2.052000000000001734e+01 9.968449774208462122e-01
2.054000000000001691e+01 9.967644675623260619e-01
2.056000000000001648e+01 9.966975470554162442e-01
2.058000000000001961e+01 9.966438611202910192e-01
2.060000000000001918e+01 9.966015491112024671e-01
2.062000000000001876e+01 9.965677052158603555e-01
2.064000000000001833e+01 9.965389424003646690e-01
2.066000000000001791e+01 9.965119624043815572e-01
2.068000000000001748e+01 9.964840474558792627e-01
2.070000000000001705e+01 9.964534142121073135e-01
2.072000000000001663e+01 9.964194008067928099e-01
2.074000000000001620e+01 9.963824872453452830e-01
2.076000000000001933e+01 9.963441724805243149e-01
2.078000000000001890e+01 9.963067453150962205e-01
2.080000000000001847e+01 9.962729904168327044e-01
2.082000000000001805e+01 9.962458671088579854e-01
2.084000000000001762e+01 9.962281906199734749e-01
2.086000000000001720e+01 9.962223369277041218e-01
2.088000000000001677e+01 9.962299862501197145e-01
2.090000000000001990e+01 9.962519181280391489e-01
2.092000000000001947e+01 9.962878724703008171e-01
2.094000000000001904e+01 9.963364938100672807e-01
2.096000000000001862e+01 9.963953772680733678e-01
2.098000000000001819e+01 9.964612313146623546e-01
2.100000000000001776e+01 9.965301624384215184e-01
2.102000000000001734e+01 9.965980702328082197e-01
2.104000000000001691e+01 9.966611203873153579e-01
2.106000000000001648e+01 9.967162417455280865e-01
2.108000000000001961e+01 9.967615772095820281e-01
2.110000000000001918e+01 9.967968119573986652e-01
2.112000000000001876e+01 9.968233098745555854e-01
2.114000000000001833e+01 9.968440113878125342e-01
2.116000000000001791e+01 9.968630809172385199e-01
2.118000000000001748e+01 9.968853346919784864e-01
2.120000000000001705e+01 9.969155221120203914e-01
2.122000000000002018e+01 9.969575676638962047e-01
2.124000000000001975e+01 9.970138979094823606e-01
2.126000000000001933e+01 9.970849741051737158e-01
2.128000000000001890e+01 9.971691242782803055e-01
2.130000000000001847e+01 9.972627222543526404e-01
2.132000000000001805e+01 9.973607025215613930e-01
2.134000000000001762e+01 9.974573392380655656e-01
2.136000000000001720e+01 9.975471665313626612e-01
2.138000000000001677e+01 9.976258857782698275e-01
2.140000000000001990e+01 9.976911008306892370e-01
2.142000000000001947e+01 9.977427464078338915e-01
2.144000000000001904e+01 9.977831248797721653e-01
2.146000000000001862e+01 9.978165341082284590e-01
2.148000000000001819e+01 9.978485419137775869e-01
2.150000000000001776e+01 9.978850276630900629e-01
2.152000000000001734e+01 9.979311560685146798e-01
2.154000000000002046e+01 9.979904637327219330e-01
2.156000000000002004e+01 9.980642217323734133e-01
2.158000000000001961e+01 9.981511902063738839e-01
2.160000000000001918e+01 9.982478118182187554e-01
2.162000000000001876e+01 9.983488126500199566e-01
2.164000000000001833e+01 9.984481059903768108e-01
2.166000000000001791e+01 9.985398401681437885e-01
2.168000000000001748e+01 9.986194061615816242e-01
2.170000000000001705e+01 9.986842288639217191e-01
2.172000000000002018e+01 9.987342059760189183e-01
2.174000000000001975e+01 9.987717228829515737e-01
2.176000000000001933e+01 9.988012483893802251e-01
2.178000000000001890e+01 9.988285905053636560e-01
2.180000000000001847e+01 9.988599498532189092e-01
2.182000000000001805e+01 9.989009401930237786e-01
2.184000000000001762e+01 9.989557457223078307e-01
2.186000000000002075e+01 9.990265540115620402e-01
2.188000000000002032e+01 9.991133483690519679e-01
2.190000000000001990e+01 9.992140752086664524e-01
2.192000000000001947e+01 9.993251339291742141e-01
2.194000000000001904e+01 9.994420817469634732e-01
2.196000000000001862e+01 9.995604137453908411e-01
2.198000000000001819e+01 9.996762741946522146e-01
2.200000000000001776e+01 9.997869783863555515e-01
2.202000000000001734e+01 9.998912688991470343e-01
2.204000000000002046e+01 9.999892864703794348e-01
2.206000000000002004e+01 1.000082291751869468e+00
2.208000000000001961e+01 1.000172219027204878e+00
2.210000000000001918e+01 1.000261168152478897e+00
2.212000000000001876e+01 1.000350942666255349e+00
2.214000000000001833e+01 1.000442721361909593e+00
2.216000000000001791e+01 1.000536913392989780e+00
2.218000000000002103e+01 1.000633202163177859e+00
2.220000000000002061e+01 1.000730740987598288e+00
2.222000000000002018e+01 1.000828432912311605e+00
2.224000000000001975e+01 1.000925214283589826e+00
2.226000000000001933e+01 1.001020268598810325e+00
2.228000000000001890e+01 1.001113121275018392e+00
2.230000000000001847e+01 1.001203600861965137e+00
2.232000000000001805e+01 1.001291689238855476e+00
2.234000000000001762e+01 1.001377313513365008e+00
2.236000000000002075e+01 1.001460148476554846e+00
2.238000000000002032e+01 1.001539496713444555e+00
2.240000000000001990e+01 1.001614294206047084e+00
2.242000000000001947e+01 1.001683257005298477e+00
2.244000000000001904e+01 1.001745146913464612e+00
2.246000000000001862e+01 1.001799100120108976e+00
2.248000000000001819e+01 1.001844940724602173e+00
2.250000000000002132e+01 1.001883396830837825e+00
2.252000000000002089e+01 1.001916152246446146e+00
2.254000000000002046e+01 1.001945699141920665e+00
2.256000000000002004e+01 1.001974999735750771e+00
2.258000000000001961e+01 1.002007008977104485e+00
2.260000000000001918e+01 1.002044145473760528e+00
2.262000000000001876e+01 1.002087816260356368e+00
2.264000000000001833e+01 1.002138097518294746e+00
2.266000000000001791e+01 1.002193647716552727e+00
2.268000000000002103e+01 1.002251886303886286e+00
2.270000000000002061e+01 1.002309418484377712e+00
2.272000000000002018e+01 1.002362635473361463e+00
2.274000000000001975e+01 1.002408380751092842e+00
2.276000000000001933e+01 1.002444554780212327e+00
2.278000000000001890e+01 1.002470537914827986e+00
2.280000000000001847e+01 1.002487343150230359e+00
2.282000000000002160e+01 1.002497461158381675e+00
2.284000000000002117e+01 1.002504419891754539e+00
2.286000000000002075e+01 1.002512137982920715e+00
2.288000000000002032e+01 1.002524193607507774e+00
2.290000000000001990e+01 1.002543149522257870e+00
2.292000000000001947e+01 1.002570066342744370e+00
2.294000000000001904e+01 1.002604301044118351e+00
2.296000000000001862e+01 1.002643632789746109e+00
2.298000000000001819e+01 1.002684694252129471e+00
