# X-ray diffraction data of amorphous ice, measured at APS beamline 6 ID-D by  Mariedahl et al. (J. Phys. Chem. B 2018, DOI: 10.1021/acs.jpcb.8b04823)# Oxygen-Oxygen PDF g_OO(r) shown in Figure 3 of corresponding paper # eHDA (sample #2)
# r[Å] g_OO(r)
1.000000000000000444e+00 -1.837952452424501670e-02
1.020000000000000462e+00 -4.773151167658523653e-02
1.040000000000000480e+00 -7.900418354404331600e-02
1.060000000000000497e+00 -1.102048639393597290e-01
1.080000000000000515e+00 -1.390829493568626896e-01
1.100000000000000533e+00 -1.633646720988432832e-01
1.120000000000000551e+00 -1.810067206512535609e-01
1.140000000000000568e+00 -1.904383657780146233e-01
1.160000000000000586e+00 -1.907619403890041809e-01
1.180000000000000604e+00 -1.818857370001087104e-01
1.200000000000000622e+00 -1.645710261108477013e-01
1.220000000000000639e+00 -1.403849491631097290e-01
1.240000000000000657e+00 -1.115622141818678331e-01
1.260000000000000675e+00 -8.078942897196007833e-02
1.280000000000000693e+00 -5.093521894841276237e-02
1.300000000000000711e+00 -2.475588467320090705e-02
1.320000000000000728e+00 -4.609485851437371100e-03
1.340000000000000746e+00 7.789462571298551470e-03
1.360000000000000764e+00 1.154694062227540341e-02
1.380000000000000782e+00 6.677946501683702969e-03
1.400000000000000799e+00 -5.903473439399602000e-03
1.420000000000000817e+00 -2.449155999134450257e-02
1.440000000000000835e+00 -4.678132254869197398e-02
1.460000000000000853e+00 -7.012424403003712781e-02
1.480000000000000870e+00 -9.181810426372331857e-02
1.500000000000000888e+00 -1.093980074535564756e-01
1.520000000000000906e+00 -1.208957289079736624e-01
1.540000000000000924e+00 -1.250383832107813953e-01
1.560000000000000941e+00 -1.213647193906669391e-01
1.580000000000000959e+00 -1.102472103457911579e-01
1.600000000000000977e+00 -9.281934340189938737e-02
1.620000000000000995e+00 -7.081877172844878998e-02
1.640000000000001013e+00 -4.636686962581650778e-02
1.660000000000001030e+00 -2.171252197429969846e-02
1.680000000000001048e+00 1.028240624969052998e-03
1.700000000000001066e+00 2.010534412451249822e-02
1.720000000000001084e+00 3.431322488928730680e-02
1.740000000000001101e+00 4.309506529112448053e-02
1.760000000000001119e+00 4.656284500070009130e-02
1.780000000000001137e+00 4.543431967337235866e-02
1.800000000000001155e+00 4.089863455959356214e-02
1.820000000000001172e+00 3.443109420017152061e-02
1.840000000000001190e+00 2.758348828171081069e-02
1.860000000000001208e+00 2.177857251977666220e-02
1.880000000000001226e+00 1.813558654647405219e-02
1.900000000000001243e+00 1.734836319721483333e-02
1.920000000000001261e+00 1.962944492681615791e-02
1.940000000000001279e+00 2.472385233278924857e-02
1.960000000000001297e+00 3.198613899228432839e-02
1.980000000000001315e+00 4.050552954650749049e-02
2.000000000000001332e+00 4.925752046081827151e-02
2.020000000000001350e+00 5.725724323519202491e-02
2.040000000000001368e+00 6.369062123661996255e-02
2.060000000000001386e+00 6.800385551980259180e-02
2.080000000000001403e+00 6.993948333971501674e-02
2.100000000000001421e+00 6.951709070198180962e-02
2.120000000000001439e+00 6.696721597730616315e-02
2.140000000000001457e+00 6.263623823172663474e-02
2.160000000000001474e+00 5.688619593137115432e-02
2.180000000000001492e+00 5.001486040708597036e-02
2.200000000000001510e+00 4.221698567915995598e-02
2.220000000000001528e+00 3.359757742165880856e-02
2.240000000000001545e+00 2.423383414594336080e-02
2.260000000000001563e+00 1.426719650522549100e-02
2.280000000000001581e+00 3.994912345799905840e-03
2.300000000000001599e+00 -6.073839026355516875e-03
2.320000000000001616e+00 -1.522542006647711020e-02
2.340000000000001634e+00 -2.262177974207611394e-02
2.360000000000001652e+00 -2.743257634995851027e-02
2.380000000000001670e+00 -2.896506342351693949e-02
2.400000000000001688e+00 -2.670890783651891365e-02
2.420000000000001705e+00 -2.020247086381149471e-02
2.440000000000001723e+00 -8.647887332114264844e-03
2.460000000000001741e+00 9.734798671395131567e-03
2.480000000000001759e+00 3.851804741261079940e-02
2.500000000000001776e+00 8.381339277800319010e-02
2.520000000000001794e+00 1.546105995107626974e-01
2.540000000000001812e+00 2.623323213985579438e-01
2.560000000000001830e+00 4.193404936910894443e-01
2.580000000000001847e+00 6.364159666042406016e-01
2.600000000000001865e+00 9.196334532239444082e-01
2.620000000000001883e+00 1.267421478317040107e+00
2.640000000000001901e+00 1.668742195486953461e+00
2.660000000000001918e+00 2.103120477507285369e+00
2.680000000000001936e+00 2.542725688817152108e+00
2.700000000000001954e+00 2.956067014316765107e+00
2.720000000000001972e+00 3.312384772377619857e+00
2.740000000000001990e+00 3.585706031032456664e+00
2.760000000000002007e+00 3.757791991133804910e+00
2.780000000000002025e+00 3.819664643934462589e+00
2.800000000000002043e+00 3.771823463572735680e+00
2.820000000000002061e+00 3.623482275097340999e+00
2.840000000000002078e+00 3.391147640051379586e+00
2.860000000000002096e+00 3.096723670405676643e+00
2.880000000000002114e+00 2.765211498498247433e+00
2.900000000000002132e+00 2.422080963109645158e+00
2.920000000000002149e+00 2.090535539474692062e+00
2.940000000000002167e+00 1.789076059458921897e+00
2.960000000000002185e+00 1.529854081915463793e+00
2.980000000000002203e+00 1.318191799122689689e+00
3.000000000000002220e+00 1.153342982736059286e+00
3.020000000000002238e+00 1.030204778533894361e+00
3.040000000000002256e+00 9.414325618639645121e-01
3.060000000000002274e+00 8.793710387557124308e-01
3.080000000000002292e+00 8.373876414048403438e-01
3.100000000000002309e+00 8.104723608729846873e-01
3.120000000000002327e+00 7.952186762157098521e-01
3.140000000000002345e+00 7.894365140325820818e-01
3.160000000000002363e+00 7.916575390855274952e-01
3.180000000000002380e+00 8.007178972849468002e-01
3.200000000000002398e+00 8.155022578448322124e-01
3.220000000000002416e+00 8.348494567083748485e-01
3.240000000000002434e+00 8.575726791611484323e-01
3.260000000000002451e+00 8.825340174047114905e-01
3.280000000000002469e+00 9.087227555253010181e-01
3.300000000000002487e+00 9.353062234094582372e-01
3.320000000000002505e+00 9.616421744423729878e-01
3.340000000000002522e+00 9.872571369766861560e-01
3.360000000000002540e+00 1.011804107811711484e+00
3.380000000000002558e+00 1.035015497271681184e+00
3.400000000000002576e+00 1.056664846087549625e+00
3.420000000000002593e+00 1.076545531053500371e+00
3.440000000000002611e+00 1.094468516546479142e+00
3.460000000000002629e+00 1.110275876619068569e+00
3.480000000000002647e+00 1.123863360428201341e+00
3.500000000000002665e+00 1.135204056934204786e+00
3.520000000000002682e+00 1.144365998199094792e+00
3.540000000000002700e+00 1.151518716782349294e+00
3.560000000000002718e+00 1.156926601148124290e+00
3.580000000000002736e+00 1.160929693474676450e+00
3.600000000000002753e+00 1.163914842152866447e+00
3.620000000000002771e+00 1.166281566650947177e+00
3.640000000000002789e+00 1.168407525450785078e+00
3.660000000000002807e+00 1.170618166464916010e+00
3.680000000000002824e+00 1.173164159993486111e+00
3.700000000000002842e+00 1.176208804867447055e+00
3.720000000000002860e+00 1.179826018604461568e+00
3.740000000000002878e+00 1.184008019683115753e+00
3.760000000000002895e+00 1.188680591736881453e+00
3.780000000000002913e+00 1.193723031140953905e+00
3.800000000000002931e+00 1.198989591538078825e+00
3.820000000000002949e+00 1.204329443186386017e+00
3.840000000000002967e+00 1.209602782137178423e+00
3.860000000000002984e+00 1.214691620269147121e+00
3.880000000000003002e+00 1.219504797768821591e+00
3.900000000000003020e+00 1.223977717094723694e+00
3.920000000000003038e+00 1.228068056817478437e+00
3.940000000000003055e+00 1.231749183558063176e+00
3.960000000000003073e+00 1.235003095419044072e+00
3.980000000000003091e+00 1.237814515099462831e+00
4.000000000000003553e+00 1.240167272535867671e+00
4.020000000000003126e+00 1.242043481129351479e+00
4.040000000000002700e+00 1.243425342822576551e+00
4.060000000000003162e+00 1.244298836970553657e+00
4.080000000000003624e+00 1.244658154679259221e+00
4.100000000000003197e+00 1.244509594525760265e+00
4.120000000000002771e+00 1.243873751474924072e+00
4.140000000000003233e+00 1.242785176065088981e+00
4.160000000000003695e+00 1.241289184369266607e+00
4.180000000000003268e+00 1.239436064578928631e+00
4.200000000000002842e+00 1.237273449415838611e+00
4.220000000000003304e+00 1.234838011578055950e+00
4.240000000000003766e+00 1.232147824931062674e+00
4.260000000000003340e+00 1.229196687002563015e+00
4.280000000000002913e+00 1.225951429419608552e+00
4.300000000000003375e+00 1.222352801079811924e+00
4.320000000000003837e+00 1.218319971318032380e+00
4.340000000000003411e+00 1.213758158586994762e+00
4.360000000000002984e+00 1.208568433693898880e+00
4.380000000000003446e+00 1.202658447535316144e+00
4.400000000000003908e+00 1.195952734435028697e+00
4.420000000000003482e+00 1.188401350938749879e+00
4.440000000000003055e+00 1.179985898178076198e+00
4.460000000000003517e+00 1.170722386639993395e+00
4.480000000000003979e+00 1.160660860728396360e+00
4.500000000000003553e+00 1.149882128732420794e+00
4.520000000000003126e+00 1.138492274204357058e+00
4.540000000000003588e+00 1.126615811984416737e+00
4.560000000000004050e+00 1.114388380022466096e+00
4.580000000000003624e+00 1.101949740868877647e+00
4.600000000000003197e+00 1.089437644014228601e+00
4.620000000000003659e+00 1.076982828207179388e+00
4.640000000000004121e+00 1.064705181714536542e+00
4.660000000000003695e+00 1.052710880287793804e+00
4.680000000000003268e+00 1.041090221150224648e+00
4.700000000000003730e+00 1.029915876162176280e+00
4.720000000000004192e+00 1.019241383107758914e+00
4.740000000000003766e+00 1.009099845155355890e+00
4.760000000000003340e+00 9.995029679240303722e-01
4.780000000000003801e+00 9.904406838420846126e-01
4.800000000000004263e+00 9.818816578324903732e-01
4.820000000000003837e+00 9.737749191124381865e-01
4.840000000000003411e+00 9.660527266210608976e-01
4.860000000000003872e+00 9.586345780844287567e-01
4.880000000000004334e+00 9.514320589658259442e-01
4.900000000000003908e+00 9.443540479185567049e-01
4.920000000000003482e+00 9.373116952438644844e-01
4.940000000000003944e+00 9.302226000599786992e-01
4.960000000000004405e+00 9.230137372032469756e-01
4.980000000000003979e+00 9.156229075221933300e-01
5.000000000000003553e+00 9.079987637927576793e-01
5.020000000000004015e+00 9.000997429950480244e-01
5.040000000000004476e+00 8.918924550816739183e-01
5.060000000000004050e+00 8.833501890976434012e-01
5.080000000000003624e+00 8.744521706340983025e-01
5.100000000000004086e+00 8.651840388500030565e-01
5.120000000000004547e+00 8.555397345898131389e-01
5.140000000000004121e+00 8.455246559304568921e-01
5.160000000000003695e+00 8.351596108758245762e-01
5.180000000000004157e+00 8.244848471663237532e-01
5.200000000000004619e+00 8.135633216703599402e-01
5.220000000000004192e+00 8.024824171324370647e-01
5.240000000000003766e+00 7.913535207138515659e-01
5.260000000000004228e+00 7.803092124984370992e-01
5.280000000000004690e+00 7.694982117725660542e-01
5.300000000000004263e+00 7.590786179859834171e-01
5.320000000000003837e+00 7.492102852518970346e-01
5.340000000000004299e+00 7.400473228261149616e-01
5.360000000000004761e+00 7.317316861825329255e-01
5.380000000000004334e+00 7.243886166035072849e-01
5.400000000000003908e+00 7.181243399984525988e-01
5.420000000000004370e+00 7.130260151306346827e-01
5.440000000000004832e+00 7.091635104834498327e-01
5.460000000000004405e+00 7.065922697146415077e-01
5.480000000000003979e+00 7.053563625450598451e-01
5.500000000000004441e+00 7.054908444864359529e-01
5.520000000000004903e+00 7.070227601009109186e-01
5.540000000000004476e+00 7.099704775334481077e-01
5.560000000000004050e+00 7.143414640429449625e-01
5.580000000000004512e+00 7.201290149820961384e-01
5.600000000000004974e+00 7.273087464908044586e-01
5.620000000000004547e+00 7.358357897111514889e-01
5.640000000000004121e+00 7.456435504311670348e-01
5.660000000000004583e+00 7.566446328625441309e-01
5.680000000000005045e+00 7.687341199584162288e-01
5.700000000000004619e+00 7.817949360064182507e-01
5.720000000000004192e+00 7.957045854076323366e-01
5.740000000000004654e+00 8.103422549429905031e-01
5.760000000000005116e+00 8.255951522173945456e-01
5.780000000000004690e+00 8.413630592888977633e-01
5.800000000000004263e+00 8.575603920497750776e-01
5.820000000000004725e+00 8.741155146997651171e-01
5.840000000000005187e+00 8.909675752914387736e-01
5.860000000000004761e+00 9.080615998424063084e-01
5.880000000000004334e+00 9.253429130879764486e-01
5.900000000000004796e+00 9.427520747120557987e-01
5.920000000000005258e+00 9.602214034981355617e-01
5.940000000000004832e+00 9.776738288287635248e-01
5.960000000000004405e+00 9.950243244096917961e-01
5.980000000000004867e+00 1.012183640069764579e+00
6.000000000000005329e+00 1.029063563703163986e+00
6.020000000000004903e+00 1.045582616956507449e+00
6.040000000000004476e+00 1.061670984861641243e+00
6.060000000000004938e+00 1.077273625834772375e+00
6.080000000000005400e+00 1.092350877844702195e+00
6.100000000000004974e+00 1.106876396156043052e+00
6.120000000000004547e+00 1.120832822616230295e+00
6.140000000000005009e+00 1.134206079451689275e+00
6.160000000000005471e+00 1.146979497929779379e+00
6.180000000000005045e+00 1.159129064103227025e+00
6.200000000000004619e+00 1.170620869398366404e+00
6.220000000000005080e+00 1.181411426627638983e+00
6.240000000000005542e+00 1.191450934256340632e+00
6.260000000000005116e+00 1.200688958298912867e+00
6.280000000000004690e+00 1.209081476798518295e+00
6.300000000000005151e+00 1.216597905793498136e+00
6.320000000000005613e+00 1.223226669349810836e+00
6.340000000000005187e+00 1.228978107767242367e+00
6.360000000000004761e+00 1.233883997679987132e+00
6.380000000000005222e+00 1.237993594830186339e+00
6.400000000000005684e+00 1.241366780764532773e+00
6.420000000000005258e+00 1.244065465695552986e+00
6.440000000000004832e+00 1.246144756223745320e+00
6.460000000000005294e+00 1.247645464781782065e+00
6.480000000000005755e+00 1.248589300509056921e+00
6.500000000000005329e+00 1.248977582620057314e+00
6.520000000000004903e+00 1.248793653728273112e+00
6.540000000000005365e+00 1.248008472355592202e+00
6.560000000000005826e+00 1.246588269143990013e+00
6.580000000000005400e+00 1.244502778240408780e+00
6.600000000000004974e+00 1.241732478064963896e+00
6.620000000000005436e+00 1.238273508978859239e+00
6.640000000000005898e+00 1.234139431317340607e+00
6.660000000000005471e+00 1.229359644588140954e+00
6.680000000000005045e+00 1.223974973097579966e+00
6.700000000000005507e+00 1.218031494829324046e+00
6.720000000000005969e+00 1.211574031910738647e+00
6.740000000000005542e+00 1.204640762359904471e+00
6.760000000000005116e+00 1.197260145693496369e+00
6.780000000000005578e+00 1.189450834996724549e+00
6.800000000000006040e+00 1.181224583733013089e+00
6.820000000000005613e+00 1.172591486305764930e+00
6.840000000000005187e+00 1.163566358814661861e+00
6.860000000000005649e+00 1.154174785019178140e+00
6.880000000000006111e+00 1.144457385340897249e+00
6.900000000000005684e+00 1.134471211768603105e+00
6.920000000000005258e+00 1.124287761114398654e+00
6.940000000000005720e+00 1.113987813042743857e+00
6.960000000000006182e+00 1.103653989208853048e+00
6.980000000000005755e+00 1.093362449427704330e+00
7.000000000000005329e+00 1.083175376469706963e+00
7.020000000000005791e+00 1.073135796211428739e+00
7.040000000000006253e+00 1.063265847664796482e+00
7.060000000000005826e+00 1.053568939578376495e+00
7.080000000000005400e+00 1.044035441547831455e+00
7.100000000000005862e+00 1.034650818808334316e+00
7.120000000000006324e+00 1.025404585550397263e+00
7.140000000000005898e+00 1.016298237648990854e+00
7.160000000000005471e+00 1.007350484835116022e+00
7.180000000000005933e+00 9.985986117903431492e-01
7.200000000000006395e+00 9.900955621191508405e-01
7.220000000000005969e+00 9.819032087437827849e-01
7.240000000000005542e+00 9.740830738746250050e-01
7.260000000000006004e+00 9.666863262264117074e-01
7.280000000000006466e+00 9.597450913186214017e-01
7.300000000000006040e+00 9.532669107435519651e-01
7.320000000000005613e+00 9.472336079584099400e-01
7.340000000000006075e+00 9.416049684862253244e-01
7.360000000000006537e+00 9.363266857292397161e-01
7.380000000000006111e+00 9.313411496135807210e-01
7.400000000000005684e+00 9.265990414113819407e-01
7.420000000000006146e+00 9.220694735614056725e-01
7.440000000000006608e+00 9.177466323236377344e-01
7.460000000000006182e+00 9.136515105195770481e-01
7.480000000000005755e+00 9.098282419494766460e-01
7.500000000000006217e+00 9.063355920514064579e-01
7.520000000000006679e+00 9.032351178816768744e-01
7.540000000000006253e+00 9.005781945198488847e-01
7.560000000000005826e+00 8.983943754074151800e-01
7.580000000000006288e+00 8.966833509500234944e-01
7.600000000000006750e+00 8.954121250627492534e-01
7.620000000000006324e+00 8.945180622544749438e-01
7.640000000000005898e+00 8.939173518875090929e-01
7.660000000000006359e+00 8.935174041066095141e-01
7.680000000000006821e+00 8.932309339785208246e-01
7.700000000000006395e+00 8.929891552848686631e-01
7.720000000000005969e+00 8.927516606358131268e-01
7.740000000000006430e+00 8.925111826836129580e-01
7.760000000000006892e+00 8.922923947565721825e-01
7.780000000000006466e+00 8.921450333227148866e-01
7.800000000000006040e+00 8.921326929463883060e-01
7.820000000000006501e+00 8.923194511403078621e-01
7.840000000000006963e+00 8.927568709330288010e-01
7.860000000000006537e+00 8.934738293392952002e-01
7.880000000000006111e+00 8.944710518667396970e-01
7.900000000000006573e+00 8.957213092366548279e-01
7.920000000000007034e+00 8.971751337410243110e-01
7.940000000000006608e+00 8.987708530716834732e-01
7.960000000000006182e+00 9.004469238420260702e-01
7.980000000000006644e+00 9.021541309838999601e-01
8.000000000000007105e+00 9.038652790359504863e-01
8.020000000000006679e+00 9.055805197234551018e-01
8.040000000000006253e+00 9.073273304815679952e-01
8.060000000000005826e+00 9.091552064976938796e-01
8.080000000000007176e+00 9.111261477167320599e-01
8.100000000000006750e+00 9.133028138783996219e-01
8.120000000000006324e+00 9.157366343453209323e-01
8.140000000000007674e+00 9.184581211386375621e-01
8.160000000000007248e+00 9.214711592868062295e-01
8.180000000000006821e+00 9.247522400055935288e-01
8.200000000000006395e+00 9.282546251752613609e-01
8.220000000000005969e+00 9.319164820002271421e-01
8.240000000000007319e+00 9.356712911643101371e-01
8.260000000000006892e+00 9.394584503223454286e-01
8.280000000000006466e+00 9.432320338837990592e-01
8.300000000000007816e+00 9.469661106998182865e-01
8.320000000000007390e+00 9.506557643810213953e-01
8.340000000000006963e+00 9.543138490068135971e-01
8.360000000000006537e+00 9.579643629814643679e-01
8.380000000000006111e+00 9.616339650195376842e-01
8.400000000000007461e+00 9.653434647090014531e-01
8.420000000000007034e+00 9.691010429088211531e-01
8.440000000000006608e+00 9.728985219733177203e-01
8.460000000000007958e+00 9.767113132022817723e-01
8.480000000000007532e+00 9.805018706129322581e-01
8.500000000000007105e+00 9.842257461588971301e-01
8.520000000000006679e+00 9.878388245734823769e-01
8.540000000000006253e+00 9.913041197988157194e-01
8.560000000000007603e+00 9.945966732495944429e-01
8.580000000000007176e+00 9.977055647546166917e-01
8.600000000000006750e+00 1.000632721772424238e+00
8.620000000000008100e+00 1.003388941097711040e+00
8.640000000000007674e+00 1.005988159824846351e+00
8.660000000000007248e+00 1.008441393512675255e+00
8.680000000000006821e+00 1.010751817467532510e+00
8.700000000000006395e+00 1.012912190777609078e+00
8.720000000000007745e+00 1.014905274092607668e+00
8.740000000000007319e+00 1.016707192597615661e+00
8.760000000000006892e+00 1.018293000045983776e+00
8.780000000000008242e+00 1.019643163047908585e+00
8.800000000000007816e+00 1.020749428631156475e+00
8.820000000000007390e+00 1.021618624069917658e+00
8.840000000000006963e+00 1.022273353985595712e+00
8.860000000000006537e+00 1.022749221555766974e+00
8.880000000000007887e+00 1.023088969161683570e+00
8.900000000000007461e+00 1.023334643841018021e+00
8.920000000000007034e+00 1.023519388292727150e+00
8.940000000000008384e+00 1.023660625086760367e+00
8.960000000000007958e+00 1.023756193709426610e+00
8.980000000000007532e+00 1.023784449201480706e+00
9.000000000000007105e+00 1.023708542864432358e+00
9.020000000000006679e+00 1.023484238018764758e+00
9.040000000000008029e+00 1.023069846077154788e+00
9.060000000000007603e+00 1.022436363184621611e+00
9.080000000000007176e+00 1.021575758155693903e+00
9.100000000000008527e+00 1.020505646711939995e+00
9.120000000000008100e+00 1.019269239543708183e+00
9.140000000000007674e+00 1.017930350758463609e+00
9.160000000000007248e+00 1.016564224284267848e+00
9.180000000000006821e+00 1.015245785859549832e+00
9.200000000000008171e+00 1.014037484753147034e+00
9.220000000000007745e+00 1.012979035084348167e+00
9.240000000000007319e+00 1.012081064010591058e+00
9.260000000000008669e+00 1.011323973862069847e+00
9.280000000000008242e+00 1.010662357543105516e+00
9.300000000000007816e+00 1.010034255565733563e+00
9.320000000000007390e+00 1.009373611748644484e+00
9.340000000000006963e+00 1.008623654362386768e+00
9.360000000000008313e+00 1.007748724667035134e+00
9.380000000000007887e+00 1.006742337983587587e+00
9.400000000000007461e+00 1.005629945995115682e+00
9.420000000000008811e+00 1.004465844108620720e+00
9.440000000000008384e+00 1.003324749588593967e+00
9.460000000000007958e+00 1.002289559844713462e+00
9.480000000000007532e+00 1.001437500335432773e+00
9.500000000000007105e+00 1.000827157839093040e+00
9.520000000000008455e+00 1.000488716919952337e+00
9.540000000000008029e+00 1.000419113476400668e+00
9.560000000000007603e+00 1.000582907689260281e+00
9.580000000000008953e+00 1.000918634228397108e+00
9.600000000000008527e+00 1.001349406970455602e+00
9.620000000000008100e+00 1.001795819505976404e+00
9.640000000000007674e+00 1.002188822054278505e+00
9.660000000000007248e+00 1.002480326945830891e+00
9.680000000000008598e+00 1.002649772760928704e+00
9.700000000000008171e+00 1.002705660282381395e+00
9.720000000000007745e+00 1.002682006529399983e+00
9.740000000000009095e+00 1.002630568619864659e+00
9.760000000000008669e+00 1.002610401395840345e+00
9.780000000000008242e+00 1.002676709009045153e+00
9.800000000000007816e+00 1.002870972931032556e+00
9.820000000000007390e+00 1.003214001824647594e+00
9.840000000000008740e+00 1.003702933643922046e+00
9.860000000000008313e+00 1.004312456240246343e+00
9.880000000000007887e+00 1.004999749305274470e+00
9.900000000000009237e+00 1.005712028243091138e+00
9.920000000000008811e+00 1.006395194652537350e+00
9.940000000000008384e+00 1.007002020235296724e+00
9.960000000000007958e+00 1.007498503009139901e+00
9.980000000000007532e+00 1.007867474432056598e+00
1.000000000000000888e+01 1.008109102970820903e+00
1.002000000000000846e+01 1.008238517504697951e+00
1.004000000000000803e+01 1.008281254546002925e+00
1.006000000000000938e+01 1.008267536923071583e+00
1.008000000000000895e+01 1.008226480292788496e+00
1.010000000000000853e+01 1.008181204883920268e+00
1.012000000000000810e+01 1.008145549864444712e+00
1.014000000000000767e+01 1.008122719309384463e+00
1.016000000000000902e+01 1.008105813051070276e+00
1.018000000000000860e+01 1.008079884823387395e+00
1.020000000000000817e+01 1.008024973334656460e+00
1.022000000000000952e+01 1.007919488228167237e+00
1.024000000000000909e+01 1.007743391044235937e+00
1.026000000000000867e+01 1.007480756424130819e+00
1.028000000000000824e+01 1.007121483671924222e+00
1.030000000000000782e+01 1.006662106544566671e+00
1.032000000000000917e+01 1.006105784304827111e+00
1.034000000000000874e+01 1.005461632453461540e+00
1.036000000000000831e+01 1.004743569622473354e+00
1.038000000000000966e+01 1.003968836020034283e+00
1.040000000000000924e+01 1.003156304585580472e+00
1.042000000000000881e+01 1.002324683195982002e+00
1.044000000000000838e+01 1.001490709811954316e+00
1.046000000000000796e+01 1.000667472985029560e+00
1.048000000000000931e+01 9.998630338739932233e-01
1.050000000000000888e+01 9.990795592121437529e-01
1.052000000000000846e+01 9.983131719081289601e-01
1.054000000000000981e+01 9.975546685069341946e-01
1.056000000000000938e+01 9.967911363705171945e-01
1.058000000000000895e+01 9.960083421269644299e-01
1.060000000000000853e+01 9.951935875605443238e-01
1.062000000000000810e+01 9.943385811704367194e-01
1.064000000000000945e+01 9.934417952657481621e-01
1.066000000000000902e+01 9.925098012483456467e-01
1.068000000000000860e+01 9.915572109725800942e-01
1.070000000000000995e+01 9.906050853960083336e-01
1.072000000000000952e+01 9.896779636401841218e-01
1.074000000000000909e+01 9.887999582496297402e-01
1.076000000000000867e+01 9.879905916679555533e-01
1.078000000000000824e+01 9.872611586277931783e-01
1.080000000000000959e+01 9.866123549583879493e-01
1.082000000000000917e+01 9.860337123510855006e-01
1.084000000000000874e+01 9.855050523942052720e-01
1.086000000000001009e+01 9.849997828575359771e-01
1.088000000000000966e+01 9.844894837638582530e-01
1.090000000000000924e+01 9.839489504894342042e-01
1.092000000000000881e+01 9.833607397856242160e-01
1.094000000000000838e+01 9.827183346479798631e-01
1.096000000000000973e+01 9.820272979051281048e-01
1.098000000000000931e+01 9.813041748817831200e-01
1.100000000000000888e+01 9.805733541300466483e-01
1.102000000000001023e+01 9.798625087565621117e-01
1.104000000000000981e+01 9.791975311046475783e-01
1.106000000000000938e+01 9.785979767876783475e-01
1.108000000000000895e+01 9.780739256644150892e-01
1.110000000000000853e+01 9.776248679519053963e-01
1.112000000000000988e+01 9.772407956064091961e-01
1.114000000000000945e+01 9.769052134087768957e-01
1.116000000000000902e+01 9.765993810748844206e-01
1.118000000000001037e+01 9.763068446251731425e-01
1.120000000000000995e+01 9.760172674601300669e-01
1.122000000000000952e+01 9.757287396512426270e-01
1.124000000000000909e+01 9.754480909590058646e-01
1.126000000000000867e+01 9.751891824618613702e-01
1.128000000000001002e+01 9.749696039213530119e-01
1.130000000000000959e+01 9.748065586818298600e-01
1.132000000000000917e+01 9.747128960122332098e-01
1.134000000000001052e+01 9.746942125249152822e-01
1.136000000000001009e+01 9.747476980799115731e-01
1.138000000000000966e+01 9.748630023768581898e-01
1.140000000000000924e+01 9.750249356223643638e-01
1.142000000000000881e+01 9.752173940900307203e-01
1.144000000000001016e+01 9.754276141647207909e-01
1.146000000000000973e+01 9.756497716088777805e-01
1.148000000000000931e+01 9.758870766494412985e-01
1.150000000000001066e+01 9.761518411218341740e-01
1.152000000000001023e+01 9.764634395585565230e-01
1.154000000000000981e+01 9.768445532254478314e-01
1.156000000000000938e+01 9.773164713575903662e-01
1.158000000000000895e+01 9.778944421133783926e-01
1.160000000000001030e+01 9.785840689721313490e-01
1.162000000000000988e+01 9.793795358585155597e-01
1.164000000000000945e+01 9.802640628815214585e-01
1.166000000000001080e+01 9.812125274953206189e-01
1.168000000000001037e+01 9.821957342569588301e-01
1.170000000000000995e+01 9.831854767502429260e-01
1.172000000000000952e+01 9.841593786234118513e-01
1.174000000000000909e+01 9.851045573494294771e-01
1.176000000000001044e+01 9.860194081353689244e-01
1.178000000000001002e+01 9.869131984174295269e-01
1.180000000000000959e+01 9.878036094557226532e-01
1.182000000000001094e+01 9.887127658843688494e-01
1.184000000000001052e+01 9.896625739794343568e-01
1.186000000000001009e+01 9.906702917081989801e-01
1.188000000000000966e+01 9.917451649694032367e-01
1.190000000000000924e+01 9.928867124440129421e-01
1.192000000000001059e+01 9.940848868412855976e-01
1.194000000000001016e+01 9.953219620289148750e-01
1.196000000000000973e+01 9.965756728061045955e-01
1.198000000000001108e+01 9.978229292711907616e-01
1.200000000000001066e+01 9.990433739439663618e-01
1.202000000000001023e+01 1.000222145706886723e+00
1.204000000000000981e+01 1.001351427320660514e+00
1.206000000000000938e+01 1.002430627912244576e+00
1.208000000000001073e+01 1.003465325509187656e+00
1.210000000000001030e+01 1.004465310979729686e+00
1.212000000000000988e+01 1.005442195601624400e+00
1.214000000000001123e+01 1.006407056952572709e+00
1.216000000000001080e+01 1.007368514269668891e+00
1.218000000000001037e+01 1.008331476956194850e+00
1.220000000000000995e+01 1.009296640601840656e+00
1.222000000000000952e+01 1.010260654673575731e+00
1.224000000000001087e+01 1.011216785053874467e+00
1.226000000000001044e+01 1.012155856166108370e+00
1.228000000000001002e+01 1.013067276923444560e+00
1.230000000000001137e+01 1.013940013243531224e+00
1.232000000000001094e+01 1.014763441146375067e+00
1.234000000000001052e+01 1.015528073201228842e+00
1.236000000000001009e+01 1.016226180171954541e+00
1.238000000000000966e+01 1.016852324428666909e+00
1.240000000000001101e+01 1.017403790139616460e+00
1.242000000000001059e+01 1.017880854873701502e+00
1.244000000000001016e+01 1.018286818733584953e+00
1.246000000000001151e+01 1.018627707568535712e+00
1.248000000000001108e+01 1.018911603911897501e+00
1.250000000000001066e+01 1.019147628550989948e+00
1.252000000000001023e+01 1.019344681084377813e+00
1.254000000000000981e+01 1.019510126160429353e+00
1.256000000000001116e+01 1.019648659181894512e+00
1.258000000000001073e+01 1.019761583093435009e+00
1.260000000000001030e+01 1.019846670131085764e+00
1.262000000000001165e+01 1.019898677092924588e+00
1.264000000000001123e+01 1.019910450923352530e+00
1.266000000000001080e+01 1.019874432761414651e+00
1.268000000000001037e+01 1.019784273969044364e+00
1.270000000000000995e+01 1.019636241460961656e+00
1.272000000000001130e+01 1.019430123473711980e+00
1.274000000000001087e+01 1.019169446041993776e+00
1.276000000000001044e+01 1.018860954478186143e+00
1.278000000000001180e+01 1.018513471371611967e+00
1.280000000000001137e+01 1.018136377356402944e+00
1.282000000000001094e+01 1.017738041919482583e+00
1.284000000000001052e+01 1.017324539590839461e+00
1.286000000000001009e+01 1.016898919476726615e+00
1.288000000000001144e+01 1.016461168326192599e+00
1.290000000000001101e+01 1.016008848433247236e+00
1.292000000000001059e+01 1.015538238382893477e+00
1.294000000000001194e+01 1.015045692518535825e+00
1.296000000000001151e+01 1.014528890099130942e+00
1.298000000000001108e+01 1.013987677807143495e+00
1.300000000000001066e+01 1.013424311767277208e+00
1.302000000000001023e+01 1.012843053338568167e+00
1.304000000000001158e+01 1.012249231667327054e+00
1.306000000000001116e+01 1.011648017743632666e+00
1.308000000000001073e+01 1.011043228084787637e+00
1.310000000000001208e+01 1.010436473327640750e+00
1.312000000000001165e+01 1.009826887882568247e+00
1.314000000000001123e+01 1.009211539200813190e+00
1.316000000000001080e+01 1.008586450782833710e+00
1.318000000000001037e+01 1.007948020035698500e+00
1.320000000000001172e+01 1.007294506490987507e+00
1.322000000000001130e+01 1.006627233231411678e+00
1.324000000000001087e+01 1.005951193733119142e+00
1.326000000000001222e+01 1.005274878194292620e+00
1.328000000000001180e+01 1.004609301698529800e+00
1.330000000000001137e+01 1.003966394365897186e+00
1.332000000000001094e+01 1.003357061496745972e+00
1.334000000000001052e+01 1.002789306329275432e+00
1.336000000000001187e+01 1.002266809721327423e+00
1.338000000000001144e+01 1.001788278111483077e+00
1.340000000000001101e+01 1.001347720174442735e+00
1.342000000000001236e+01 1.000935625079854230e+00
1.344000000000001194e+01 1.000540830554550009e+00
1.346000000000001151e+01 1.000152725853383773e+00
1.348000000000001108e+01 9.997633632427332939e-01
1.350000000000001066e+01 9.993690665268211148e-01
1.352000000000001201e+01 9.989712231974060552e-01
1.354000000000001158e+01 9.985761074338844745e-01
1.356000000000001116e+01 9.981937712135566798e-01
1.358000000000001251e+01 9.978362214514170381e-01
1.360000000000001208e+01 9.975152362131440853e-01
1.362000000000001165e+01 9.972402364805649233e-01
1.364000000000001123e+01 9.970166106838368458e-01
1.366000000000001080e+01 9.968447932192169292e-01
1.368000000000001215e+01 9.967202466641631453e-01
1.370000000000001172e+01 9.966343220237821043e-01
1.372000000000001130e+01 9.965758073589423560e-01
1.374000000000001265e+01 9.965328541637871185e-01
1.376000000000001222e+01 9.964949145981282230e-01
1.378000000000001180e+01 9.964543390369784426e-01
1.380000000000001137e+01 9.964073655280946129e-01
1.382000000000001094e+01 9.963543611833846070e-01
1.384000000000001229e+01 9.962993227734053825e-01
1.386000000000001187e+01 9.962487802807523662e-01
1.388000000000001144e+01 9.962103473016235000e-01
1.390000000000001279e+01 9.961912091961077076e-01
1.392000000000001236e+01 9.961968285858943117e-01
1.394000000000001194e+01 9.962300847841650819e-01
1.396000000000001151e+01 9.962909652141173078e-01
1.398000000000001108e+01 9.963768146446522200e-01
1.400000000000001243e+01 9.964830447680985692e-01
1.402000000000001201e+01 9.966041311216695675e-01
1.404000000000001158e+01 9.967346882860849133e-01
1.406000000000001293e+01 9.968704205334689705e-01
1.408000000000001251e+01 9.970087879900626504e-01
1.410000000000001208e+01 9.971492957993582928e-01
1.412000000000001165e+01 9.972933902603516865e-01
1.414000000000001123e+01 9.974440161719662079e-01
1.416000000000001258e+01 9.976049415398208220e-01
1.418000000000001215e+01 9.977799825041531179e-01
1.420000000000001172e+01 9.979722617927674344e-01
1.422000000000001307e+01 9.981836123275473760e-01
1.424000000000001265e+01 9.984142014318219127e-01
1.426000000000001222e+01 9.986624093006922775e-01
1.428000000000001180e+01 9.989249560839948971e-01
1.430000000000001137e+01 9.991972407936365874e-01
1.432000000000001272e+01 9.994738349143693634e-01
1.434000000000001229e+01 9.997490638311865574e-01
1.436000000000001187e+01 1.000017607786744867e+00
1.438000000000001322e+01 1.000275058142831464e+00
1.440000000000001279e+01 1.000518371823223118e+00
1.442000000000001236e+01 1.000746175806227489e+00
1.444000000000001194e+01 1.000958884672230820e+00
1.446000000000001151e+01 1.001158608690884355e+00
1.448000000000001286e+01 1.001348848973185879e+00
1.450000000000001243e+01 1.001534000027121563e+00
1.452000000000001201e+01 1.001718707061447722e+00
1.454000000000001336e+01 1.001907151968774778e+00
1.456000000000001293e+01 1.002102362893646292e+00
1.458000000000001251e+01 1.002305651969287448e+00
1.460000000000001208e+01 1.002516279495112128e+00
1.462000000000001165e+01 1.002731418322923007e+00
1.464000000000001300e+01 1.002946450905199738e+00
1.466000000000001258e+01 1.003155578645217094e+00
1.468000000000001215e+01 1.003352667526317576e+00
1.470000000000001350e+01 1.003532205993525439e+00
1.472000000000001307e+01 1.003690220973315617e+00
1.474000000000001265e+01 1.003824993472947735e+00
1.476000000000001222e+01 1.003937439654122521e+00
1.478000000000001180e+01 1.004031074293191494e+00
1.480000000000001315e+01 1.004111543224250669e+00
1.482000000000001272e+01 1.004185787490557091e+00
1.484000000000001229e+01 1.004260970215691939e+00
1.486000000000001364e+01 1.004343344129941640e+00
1.488000000000001322e+01 1.004437253324590440e+00
1.490000000000001279e+01 1.004544443026089029e+00
1.492000000000001236e+01 1.004663798720052625e+00
1.494000000000001194e+01 1.004791560092334057e+00
1.496000000000001329e+01 1.004921970116822161e+00
1.498000000000001286e+01 1.005048241426572231e+00
1.500000000000001243e+01 1.005163665922603977e+00
1.502000000000001378e+01 1.005262670249736479e+00
1.504000000000001336e+01 1.005341633692615311e+00
1.506000000000001293e+01 1.005399333230699410e+00
1.508000000000001251e+01 1.005436953170165237e+00
1.510000000000001208e+01 1.005457679395320492e+00
1.512000000000001343e+01 1.005465974514368366e+00
1.514000000000001300e+01 1.005466685236757085e+00
1.516000000000001258e+01 1.005464156997635472e+00
1.518000000000001393e+01 1.005461519511316792e+00
1.520000000000001350e+01 1.005460264170177753e+00
1.522000000000001307e+01 1.005460169896330802e+00
1.524000000000001265e+01 1.005459562183346867e+00
1.526000000000001222e+01 1.005455825672517012e+00
1.528000000000001357e+01 1.005446046584640207e+00
1.530000000000001315e+01 1.005427645747057896e+00
1.532000000000001272e+01 1.005398877495057297e+00
1.534000000000001407e+01 1.005359109517490968e+00
1.536000000000001364e+01 1.005308853618725129e+00
1.538000000000001322e+01 1.005249574376251509e+00
1.540000000000001279e+01 1.005183348892517925e+00
1.542000000000001236e+01 1.005112476377611364e+00
1.544000000000001371e+01 1.005039136413522716e+00
1.546000000000001329e+01 1.004965170790066198e+00
1.548000000000001286e+01 1.004892022746008751e+00
1.550000000000001421e+01 1.004820820157817929e+00
1.552000000000001378e+01 1.004752547814044883e+00
1.554000000000001336e+01 1.004688228885681767e+00
1.556000000000001293e+01 1.004629033414141226e+00
1.558000000000001251e+01 1.004576252797696911e+00
1.560000000000001386e+01 1.004531118718454463e+00
1.562000000000001343e+01 1.004494492891422341e+00
1.564000000000001300e+01 1.004466498226524118e+00
1.566000000000001435e+01 1.004446190771882241e+00
1.568000000000001393e+01 1.004431376786363073e+00
1.570000000000001350e+01 1.004418657552185623e+00
1.572000000000001307e+01 1.004403739505487669e+00
1.574000000000001265e+01 1.004381988138246973e+00
1.576000000000001400e+01 1.004349143982211867e+00
1.578000000000001357e+01 1.004302071898013571e+00
1.580000000000001315e+01 1.004239392736315128e+00
1.582000000000001450e+01 1.004161856078541026e+00
1.584000000000001407e+01 1.004072354274147871e+00
1.586000000000001364e+01 1.003975544322436519e+00
1.588000000000001322e+01 1.003877122382860865e+00
1.590000000000001279e+01 1.003782869646496101e+00
1.592000000000001414e+01 1.003697641902390858e+00
1.594000000000001371e+01 1.003624495954139162e+00
1.596000000000001329e+01 1.003564128107928610e+00
1.598000000000001464e+01 1.003514745266865571e+00
1.600000000000001421e+01 1.003472407567244984e+00
1.602000000000001378e+01 1.003431788832884974e+00
1.604000000000001336e+01 1.003387216112285651e+00
1.606000000000001293e+01 1.003333789917317809e+00
1.608000000000001251e+01 1.003268365489176306e+00
1.610000000000001563e+01 1.003190197901818514e+00
1.612000000000001165e+01 1.003101116622280742e+00
1.614000000000001478e+01 1.003005186464084986e+00
1.616000000000001435e+01 1.002907913777850490e+00
1.618000000000001393e+01 1.002815148779928167e+00
1.620000000000001350e+01 1.002731898314674464e+00
1.622000000000001307e+01 1.002661284785204998e+00
1.624000000000001620e+01 1.002603861497548765e+00
1.626000000000001222e+01 1.002557426718261313e+00
1.628000000000001535e+01 1.002517381468718272e+00
1.630000000000001492e+01 1.002477568663217689e+00
1.632000000000001450e+01 1.002431435061881482e+00
1.634000000000001407e+01 1.002373291972808556e+00
1.636000000000001364e+01 1.002299428996339170e+00
1.638000000000001322e+01 1.002208861911883853e+00
1.640000000000001279e+01 1.002103565928059048e+00
1.642000000000001592e+01 1.001988145138547948e+00
1.644000000000001194e+01 1.001868998438459224e+00
1.646000000000001506e+01 1.001753139717542984e+00
1.648000000000001464e+01 1.001646896636904094e+00
1.650000000000001421e+01 1.001554734762656773e+00
1.652000000000001378e+01 1.001478428152688060e+00
1.654000000000001336e+01 1.001416729146093365e+00
1.656000000000001293e+01 1.001365592980579367e+00
1.658000000000001251e+01 1.001318906402502318e+00
1.660000000000001563e+01 1.001269574670028417e+00
1.662000000000001521e+01 1.001210756672269886e+00
1.664000000000001478e+01 1.001137015396746044e+00
1.666000000000001435e+01 1.001045174160336559e+00
1.668000000000001393e+01 1.000934732198937915e+00
1.670000000000001350e+01 1.000807782865550388e+00
1.672000000000001307e+01 1.000668475328637674e+00
1.674000000000001620e+01 1.000522146677733426e+00
1.676000000000001577e+01 1.000374308979766980e+00
1.678000000000001535e+01 1.000229694525054613e+00
1.680000000000001492e+01 1.000091539876201807e+00
1.682000000000001450e+01 9.999612314648892442e-01
1.684000000000001407e+01 9.998383554446826915e-01
1.686000000000001364e+01 9.997211095052951357e-01
1.688000000000001322e+01 9.996069620656222732e-01
1.690000000000001279e+01 9.994933991836828513e-01
1.692000000000001592e+01 9.993785900408208578e-01
1.694000000000001549e+01 9.992618286766182800e-01
1.696000000000001506e+01 9.991436658368586521e-01
1.698000000000001464e+01 9.990257174272999530e-01
1.700000000000001421e+01 9.989102090912033161e-01
1.702000000000001378e+01 9.987993741267894299e-01
1.704000000000001336e+01 9.986948522529756067e-01
1.706000000000001648e+01 9.985972336630184465e-01
1.708000000000001606e+01 9.985058576886084447e-01
1.710000000000001563e+01 9.984189164001531225e-01
1.712000000000001521e+01 9.983338437647898411e-01
1.714000000000001478e+01 9.982479058682446338e-01
1.716000000000001435e+01 9.981588613155416567e-01
1.718000000000001393e+01 9.980655432414066164e-01
1.720000000000001350e+01 9.979682291397008465e-01
1.722000000000001307e+01 9.978687087576249004e-01
1.724000000000001620e+01 9.977700241725667718e-01
1.726000000000001577e+01 9.976759262815516616e-01
1.728000000000001535e+01 9.975901534141963234e-01
1.730000000000001492e+01 9.975156776192967145e-01
1.732000000000001450e+01 9.974540739357826702e-01
1.734000000000001407e+01 9.974051455081646145e-01
1.736000000000001364e+01 9.973668873154046821e-01
1.738000000000001677e+01 9.973358038261906922e-01
1.740000000000001634e+01 9.973075248842689922e-01
1.742000000000001592e+01 9.972776040361810423e-01
1.744000000000001549e+01 9.972423464947889338e-01
1.746000000000001506e+01 9.971995073601388482e-01
1.748000000000001464e+01 9.971487257410184268e-01
1.750000000000001421e+01 9.970916118006726281e-01
1.752000000000001378e+01 9.970314710223773247e-01
1.754000000000001336e+01 9.969727196542162995e-01
1.756000000000001648e+01 9.969201035844764691e-01
1.758000000000001606e+01 9.968778685653306715e-01
1.760000000000001563e+01 9.968490362019810647e-01
1.762000000000001521e+01 9.968349168318689779e-01
1.764000000000001478e+01 9.968349426041420713e-01
1.766000000000001435e+01 9.968468416916396180e-01
1.768000000000001393e+01 9.968671101553495673e-01
1.770000000000001705e+01 9.968916840627238818e-01
1.772000000000001663e+01 9.969166810728250505e-01
1.774000000000001620e+01 9.969390734804860488e-01
1.776000000000001577e+01 9.969571739413892741e-01
1.778000000000001535e+01 9.969708558648145980e-01
1.780000000000001492e+01 9.969814838436895643e-01
1.782000000000001450e+01 9.969915845273006338e-01
1.784000000000001407e+01 9.970043343004246772e-01
1.786000000000001364e+01 9.970229686516492995e-01
1.788000000000001677e+01 9.970502247530362849e-01
1.790000000000001634e+01 9.970879136959048816e-01
1.792000000000001592e+01 9.971366865083309827e-01
1.794000000000001549e+01 9.971960161480493134e-01
1.796000000000001506e+01 9.972643751596305117e-01
1.798000000000001464e+01 9.973395541195384517e-01
1.800000000000001421e+01 9.974190456331646359e-01
1.802000000000001734e+01 9.975004153631094050e-01
1.804000000000001691e+01 9.975815944589744300e-01
1.806000000000001648e+01 9.976610526064321194e-01
1.808000000000001606e+01 9.977378413040622895e-01
1.810000000000001563e+01 9.978115258319183445e-01
1.812000000000001521e+01 9.978820455327328531e-01
1.814000000000001478e+01 9.979495515241971759e-01
1.816000000000001435e+01 9.980142677687808828e-01
1.818000000000001393e+01 9.980764074853588630e-01
1.820000000000001705e+01 9.981361564771976669e-01
1.822000000000001663e+01 9.981937135805661887e-01
1.824000000000001620e+01 9.982493614986370778e-01
1.826000000000001577e+01 9.983035328021081511e-01
1.828000000000001535e+01 9.983568376295667290e-01
1.830000000000001492e+01 9.984100308106965693e-01
1.832000000000001450e+01 9.984639136731816578e-01
1.834000000000001762e+01 9.985191850988117679e-01
1.836000000000001720e+01 9.985762725227598224e-01
1.838000000000001677e+01 9.986351824008495859e-01
1.840000000000001634e+01 9.986954088695916276e-01
1.842000000000001592e+01 9.987559288802730917e-01
1.844000000000001549e+01 9.988152942945336399e-01
1.846000000000001506e+01 9.988718103340975540e-01
1.848000000000001464e+01 9.989237702384480277e-01
1.850000000000001421e+01 9.989697025390361640e-01
1.852000000000001734e+01 9.990085831817516748e-01
1.854000000000001691e+01 9.990399709065463929e-01
1.856000000000001648e+01 9.990640395753761505e-01
1.858000000000001606e+01 9.990815022280413737e-01
1.860000000000001563e+01 9.990934439372400888e-01
1.862000000000001521e+01 9.991010991571956934e-01
1.864000000000001478e+01 9.991056201620747146e-01
1.866000000000001791e+01 9.991078840158230667e-01
1.868000000000001748e+01 9.991083761940467989e-01
1.870000000000001705e+01 9.991071716149275694e-01
1.872000000000001663e+01 9.991040122995745731e-01
1.874000000000001620e+01 9.990984599176222503e-01
1.876000000000001577e+01 9.990900856458089230e-01
1.878000000000001535e+01 9.990786524556560799e-01
1.880000000000001492e+01 9.990642476159879992e-01
1.882000000000001450e+01 9.990473350985550338e-01
1.884000000000001762e+01 9.990287159441718634e-01
1.886000000000001720e+01 9.990094053371715299e-01
1.888000000000001677e+01 9.989904535580765854e-01
1.890000000000001634e+01 9.989727501244840546e-01
1.892000000000001592e+01 9.989568537275824722e-01
1.894000000000001549e+01 9.989428844611558667e-01
1.896000000000001506e+01 9.989305008429368860e-01
1.898000000000001819e+01 9.989189654801963192e-01
1.900000000000001776e+01 9.989072841344729392e-01
1.902000000000001734e+01 9.988943876125929711e-01
1.904000000000001691e+01 9.988793176492910542e-01
1.906000000000001648e+01 9.988613784090776271e-01
1.908000000000001606e+01 9.988402241024708639e-01
1.910000000000001563e+01 9.988158682971673974e-01
1.912000000000001521e+01 9.987886182786044342e-01
1.914000000000001478e+01 9.987589542231863904e-01
1.916000000000001791e+01 9.987273843363638770e-01
1.918000000000001748e+01 9.986943110382928701e-01
1.920000000000001705e+01 9.986599390595541914e-01
1.922000000000001663e+01 9.986242451180076252e-01
1.924000000000001620e+01 9.985870134359223771e-01
1.926000000000001577e+01 9.985479253912927788e-01
1.928000000000001535e+01 9.985066788075208644e-01
1.930000000000001847e+01 9.984631057035664448e-01
1.932000000000001805e+01 9.984172582214284608e-01
1.934000000000001762e+01 9.983694406027853185e-01
1.936000000000001720e+01 9.983201784902734355e-01
1.938000000000001677e+01 9.982701322562806956e-01
1.940000000000001634e+01 9.982199748339599665e-01
1.942000000000001592e+01 9.981702633680336056e-01
1.944000000000001549e+01 9.981213358129868984e-01
1.946000000000001506e+01 9.980732579394163695e-01
1.948000000000001819e+01 9.980258343860617387e-01
1.950000000000001776e+01 9.979786821944865993e-01
1.952000000000001734e+01 9.979313502772187983e-01
1.954000000000001691e+01 9.978834570648532631e-01
1.956000000000001648e+01 9.978348138576896842e-01
1.958000000000001606e+01 9.977855043738722562e-01
1.960000000000001563e+01 9.977359010393747063e-01
1.962000000000001876e+01 9.976866134255287788e-01
1.964000000000001833e+01 9.976383804589979976e-01
1.966000000000001791e+01 9.975919317815744591e-01
1.968000000000001748e+01 9.975478516094051784e-01
1.970000000000001705e+01 9.975064786156438990e-01
1.972000000000001663e+01 9.974678675109706072e-01
1.974000000000001620e+01 9.974318237769043138e-01
1.976000000000001577e+01 9.973980056056870325e-01
1.978000000000001535e+01 9.973660705327566101e-01
1.980000000000001847e+01 9.973358324414358655e-01
1.982000000000001805e+01 9.973073905019331775e-01
1.984000000000001762e+01 9.972811964013916786e-01
1.986000000000001720e+01 9.972580391195550176e-01
1.988000000000001677e+01 9.972389447951336416e-01
1.990000000000001634e+01 9.972250088692201642e-01
1.992000000000001592e+01 9.972171942003363876e-01
1.994000000000001904e+01 9.972161383093981479e-01
1.996000000000001862e+01 9.972220129038813496e-01
1.998000000000001819e+01 9.972344690026618830e-01
2.000000000000001776e+01 9.972526832149206655e-01
2.002000000000001734e+01 9.972754987640599644e-01
2.004000000000001691e+01 9.973016335138077393e-01
2.006000000000001648e+01 9.973299113927530657e-01
2.008000000000001606e+01 9.973594669985188510e-01
2.010000000000001563e+01 9.973898776119946019e-01
2.012000000000001876e+01 9.974211917575609432e-01
2.014000000000001833e+01 9.974538458301759336e-01
2.016000000000001791e+01 9.974884854176178095e-01
2.018000000000001748e+01 9.975257302427555928e-01
2.020000000000001705e+01 9.975659360345424664e-01
2.022000000000001663e+01 9.976090095862569784e-01
2.024000000000001620e+01 9.976543236699771944e-01
2.026000000000001933e+01 9.977007579844565655e-01
2.028000000000001890e+01 9.977468650313675580e-01
2.030000000000001847e+01 9.977911315073925147e-01
2.032000000000001805e+01 9.978322826753226460e-01
2.034000000000001762e+01 9.978695645421021831e-01
2.036000000000001720e+01 9.979029397389512779e-01
2.038000000000001677e+01 9.979331481170637952e-01
2.040000000000001634e+01 9.979616095535160936e-01
2.042000000000001592e+01 9.979901790605674172e-01
2.044000000000001904e+01 9.980207962527890553e-01
2.046000000000001862e+01 9.980550956908044169e-01
2.048000000000001819e+01 9.980940560912990867e-01
2.050000000000001776e+01 9.981377619546411006e-01
2.052000000000001734e+01 9.981853311787447502e-01
2.054000000000001691e+01 9.982350303647241629e-01
2.056000000000001648e+01 9.982845620561781042e-01
2.058000000000001961e+01 9.983314727286209944e-01
2.060000000000001918e+01 9.983736043807249771e-01
2.062000000000001876e+01 9.984095017120008242e-01
2.064000000000001833e+01 9.984386937277518470e-01
2.066000000000001791e+01 9.984617921857802392e-01
2.068000000000001748e+01 9.984803850853927187e-01
2.070000000000001705e+01 9.984967442637006085e-01
2.072000000000001663e+01 9.985134037832555931e-01
2.074000000000001620e+01 9.985326923703766733e-01
2.076000000000001933e+01 9.985563130577798097e-01
2.078000000000001890e+01 9.985850541322934815e-01
2.080000000000001847e+01 9.986186891181314529e-01
2.082000000000001805e+01 9.986560850809155232e-01
2.084000000000001762e+01 9.986954958308511543e-01
2.086000000000001720e+01 9.987349784256071006e-01
2.088000000000001677e+01 9.987728456730091686e-01
2.090000000000001990e+01 9.988080595510880899e-01
2.092000000000001947e+01 9.988404823687352385e-01
2.094000000000001904e+01 9.988709317758615036e-01
2.096000000000001862e+01 9.989010264494257996e-01
2.098000000000001819e+01 9.989328530472613155e-01
2.100000000000001776e+01 9.989685227414529800e-01
2.102000000000001734e+01 9.990097094041437975e-01
2.104000000000001691e+01 9.990572662514308755e-01
2.106000000000001648e+01 9.991110023127315332e-01
2.108000000000001961e+01 9.991696675405150607e-01
2.110000000000001918e+01 9.992311523624021197e-01
2.112000000000001876e+01 9.992928628951306402e-01
2.114000000000001833e+01 9.993521961771193451e-01
2.116000000000001791e+01 9.994070183840092492e-01
2.118000000000001748e+01 9.994560476510484515e-01
2.120000000000001705e+01 9.994990622685310244e-01
2.122000000000002018e+01 9.995368908012808307e-01
2.124000000000001975e+01 9.995711857690753321e-01
2.126000000000001933e+01 9.996040275774494832e-01
2.128000000000001890e+01 9.996374410143503697e-01
2.130000000000001847e+01 9.996729253361745782e-01
2.132000000000001805e+01 9.997110967429579942e-01
2.134000000000001762e+01 9.997515192110174587e-01
2.136000000000001720e+01 9.997927608341359296e-01
2.138000000000001677e+01 9.998326660039342784e-01
2.140000000000001990e+01 9.998687886352319865e-01
2.142000000000001947e+01 9.998988976163837306e-01
2.144000000000001904e+01 9.999214498844666288e-01
2.146000000000001862e+01 9.999359323797246679e-01
2.148000000000001819e+01 9.999430005286823464e-01
2.150000000000001776e+01 9.999443824693328153e-01
2.152000000000001734e+01 9.999425664141359249e-01
2.154000000000002046e+01 9.999403333827833196e-01
2.156000000000002004e+01 9.999402297160947528e-01
2.158000000000001961e+01 9.999440865871721540e-01
2.160000000000001918e+01 9.999526844376438461e-01
2.162000000000001876e+01 9.999656307447514214e-01
2.164000000000001833e+01 9.999814758329064190e-01
2.166000000000001791e+01 9.999980425997438971e-01
2.168000000000001748e+01 1.000012902136547366e+00
2.170000000000001705e+01 1.000023897378397253e+00
2.172000000000002018e+01 1.000029607307176605e+00
2.174000000000001975e+01 1.000029656840518255e+00
2.176000000000001933e+01 1.000024809745723831e+00
2.178000000000001890e+01 1.000016827019482024e+00
2.180000000000001847e+01 1.000008121789501159e+00
2.182000000000001805e+01 1.000001283811221775e+00
2.184000000000001762e+01 9.999985733175470459e-01
2.186000000000002075e+01 1.000001489797199605e+00
2.188000000000002032e+01 1.000010505048193110e+00
2.190000000000001990e+01 1.000025014999768258e+00
2.192000000000001947e+01 1.000043518630698181e+00
2.194000000000001904e+01 1.000063984508287929e+00
2.196000000000001862e+01 1.000084326045633354e+00
2.198000000000001819e+01 1.000102883785953134e+00
2.200000000000001776e+01 1.000118811649791883e+00
2.202000000000001734e+01 1.000132284415119477e+00
2.204000000000002046e+01 1.000144481482075021e+00
2.206000000000002004e+01 1.000157349279780616e+00
2.208000000000001961e+01 1.000173191570564057e+00
2.210000000000001918e+01 1.000194173535738473e+00
2.212000000000001876e+01 1.000221844162808127e+00
2.214000000000001833e+01 1.000256778133214342e+00
2.216000000000001791e+01 1.000298413768046180e+00
2.218000000000002103e+01 1.000345122738524495e+00
2.220000000000002061e+01 1.000394498716246305e+00
2.222000000000002018e+01 1.000443806090843601e+00
2.224000000000001975e+01 1.000490495998015872e+00
2.226000000000001933e+01 1.000532682340924850e+00
2.228000000000001890e+01 1.000569478390660683e+00
2.230000000000001847e+01 1.000601123360713496e+00
2.232000000000001805e+01 1.000628872124805335e+00
2.234000000000001762e+01 1.000654670887648701e+00
2.236000000000002075e+01 1.000680686756947324e+00
2.238000000000002032e+01 1.000708790328649345e+00
2.240000000000001990e+01 1.000740100987660197e+00
2.242000000000001947e+01 1.000774692308290748e+00
2.244000000000001904e+01 1.000811522145866883e+00
2.246000000000001862e+01 1.000848605456671203e+00
2.248000000000001819e+01 1.000883397181177470e+00
2.250000000000002132e+01 1.000913308200722662e+00
2.252000000000002089e+01 1.000936248683591545e+00
2.254000000000002046e+01 1.000951086127998879e+00
2.256000000000002004e+01 1.000957921675541762e+00
2.258000000000001961e+01 1.000958124587245646e+00
2.260000000000001918e+01 1.000954113763435682e+00
2.262000000000001876e+01 1.000948926820995677e+00
2.264000000000001833e+01 1.000945660908910684e+00
2.266000000000001791e+01 1.000946896144727427e+00
2.268000000000002103e+01 1.000954216756950732e+00
2.270000000000002061e+01 1.000967925799957969e+00
2.272000000000002018e+01 1.000987010554128531e+00
2.274000000000001975e+01 1.001009365330020495e+00
2.276000000000001933e+01 1.001032226643857603e+00
2.278000000000001890e+01 1.001052733177261400e+00
2.280000000000001847e+01 1.001068498235999638e+00
2.282000000000002160e+01 1.001078080568169604e+00
2.284000000000002117e+01 1.001081260691193409e+00
2.286000000000002075e+01 1.001079069870999705e+00
2.288000000000002032e+01 1.001073569344979708e+00
2.290000000000001990e+01 1.001067427926603637e+00
2.292000000000001947e+01 1.001063386447557990e+00
2.294000000000001904e+01 1.001063719407341290e+00
2.296000000000001862e+01 1.001069803356063437e+00
2.298000000000001819e+01 1.001081878276943060e+00
