# X-ray diffraction data of amorphous ice, measured at APS beamline 6 ID-D by  Mariedahl et al. (J. Phys. Chem. B 2018, DOI: 10.1021/acs.jpcb.8b04823)# Oxygen-Oxygen PDF g_OO(r) shown in Figure 3 of corresponding paper # VHDA (sample #4)
# r[Å] g_OO(r)
1.000000000000000444e+00 8.732051909209204155e-02
1.020000000000000462e+00 4.959659775574407070e-02
1.040000000000000480e+00 7.721269628129023843e-03
1.060000000000000497e+00 -3.521149174375474283e-02
1.080000000000000515e+00 -7.605597415721236654e-02
1.100000000000000533e+00 -1.118912801679992630e-01
1.120000000000000551e+00 -1.402682076340594775e-01
1.140000000000000568e+00 -1.594065064094680184e-01
1.160000000000000586e+00 -1.683270918853067843e-01
1.180000000000000604e+00 -1.669096356346858046e-01
1.200000000000000622e+00 -1.558726212959083424e-01
1.220000000000000639e+00 -1.366798692268533233e-01
1.240000000000000657e+00 -1.113840649711605457e-01
1.260000000000000675e+00 -8.242335505932968376e-02
1.280000000000000693e+00 -5.239105983094156233e-02
1.300000000000000711e+00 -2.380060038623047977e-02
1.320000000000000728e+00 1.132358753977485456e-03
1.340000000000000746e+00 2.067077210124965495e-02
1.360000000000000764e+00 3.368441230393540153e-02
1.380000000000000782e+00 3.971530005792320295e-02
1.400000000000000799e+00 3.897668763292125305e-02
1.420000000000000817e+00 3.228854408672617721e-02
1.440000000000000835e+00 2.095863379988284481e-02
1.460000000000000853e+00 6.623328562909468545e-03
1.480000000000000870e+00 -8.934236904647181732e-03
1.500000000000000888e+00 -2.396947283785883648e-02
1.520000000000000906e+00 -3.694632048571903221e-02
1.540000000000000924e+00 -4.667542944043656661e-02
1.560000000000000941e+00 -5.240793971328280842e-02
1.580000000000000959e+00 -5.387734460984799217e-02
1.600000000000000977e+00 -5.128759236990391296e-02
1.620000000000000995e+00 -4.525129547983916534e-02
1.640000000000001013e+00 -3.668707590984895961e-02
1.660000000000001030e+00 -2.668916532529976016e-02
1.680000000000001048e+00 -1.638499538984118653e-02
1.700000000000001066e+00 -6.797396414270166602e-03
1.720000000000001084e+00 1.272912381254474997e-03
1.740000000000001101e+00 7.331512020110854053e-03
1.760000000000001119e+00 1.123221866672351361e-02
1.780000000000001137e+00 1.317293004709338758e-02
1.800000000000001155e+00 1.364709473598910497e-02
1.820000000000001172e+00 1.335788056788648516e-02
1.840000000000001190e+00 1.310667147103706902e-02
1.860000000000001208e+00 1.367069839163484110e-02
1.880000000000001226e+00 1.568598157109510685e-02
1.900000000000001243e+00 1.955109815260269723e-02
1.920000000000001261e+00 2.536460237055783440e-02
1.940000000000001279e+00 3.290448659993710362e-02
1.960000000000001297e+00 4.165239856228582921e-02
1.980000000000001315e+00 5.085914258903198593e-02
2.000000000000001332e+00 5.964213468111074362e-02
2.020000000000001350e+00 6.710081640454493290e-02
2.040000000000001368e+00 7.243332547252717690e-02
2.060000000000001386e+00 7.503750932964341203e-02
2.080000000000001403e+00 7.458184937803709336e-02
2.100000000000001421e+00 7.103680864850210608e-02
2.120000000000001439e+00 6.466383594628465070e-02
2.140000000000001457e+00 5.596664733258252533e-02
2.160000000000001474e+00 4.561606945017261661e-02
2.180000000000001492e+00 3.436422617668119517e-02
2.200000000000001510e+00 2.296500251346343668e-02
2.220000000000001528e+00 1.211496059463867958e-02
2.240000000000001545e+00 2.422548461346300201e-03
2.260000000000001563e+00 -5.595096803450026052e-03
2.280000000000001581e+00 -1.149691696866936633e-02
2.300000000000001599e+00 -1.489908068108712798e-02
2.320000000000001616e+00 -1.546760866365253645e-02
2.340000000000001634e+00 -1.293100464903607083e-02
2.360000000000001652e+00 -7.108259795355132901e-03
2.380000000000001670e+00 2.069661990987755381e-03
2.400000000000001688e+00 1.458331038344128257e-02
2.420000000000001705e+00 3.044078120980596436e-02
2.440000000000001723e+00 4.992781746458842262e-02
2.460000000000001741e+00 7.400536054560599708e-02
2.480000000000001759e+00 1.048147530309677111e-01
2.500000000000001776e+00 1.461780752873558520e-01
2.520000000000001794e+00 2.039073239588652664e-01
2.540000000000001812e+00 2.856938933160796390e-01
2.560000000000001830e+00 4.003786239615773068e-01
2.580000000000001847e+00 5.565306831371004126e-01
2.600000000000001865e+00 7.604824330556905210e-01
2.620000000000001883e+00 1.014215296595170734e+00
2.640000000000001901e+00 1.313662918727921181e+00
2.660000000000001918e+00 1.647989266013612175e+00
2.680000000000001936e+00 2.000173131371861146e+00
2.700000000000001954e+00 2.348855097691378901e+00
2.720000000000001972e+00 2.671031715537478757e+00
2.740000000000001990e+00 2.944973391506534366e+00
2.760000000000002007e+00 3.152772275599560636e+00
2.780000000000002025e+00 3.282146739994153961e+00
2.800000000000002043e+00 3.327406480955906964e+00
2.820000000000002061e+00 3.289680413813480975e+00
2.840000000000002078e+00 3.176562081323464959e+00
2.860000000000002096e+00 3.001262188890793325e+00
2.880000000000002114e+00 2.781268539800178186e+00
2.900000000000002132e+00 2.536499966093034075e+00
2.920000000000002149e+00 2.287049830631016967e+00
2.940000000000002167e+00 2.050807872394695419e+00
2.960000000000002185e+00 1.841416317661423552e+00
2.980000000000002203e+00 1.667035719965557661e+00
3.000000000000002220e+00 1.530213430934178387e+00
3.020000000000002238e+00 1.428820993965184361e+00
3.040000000000002256e+00 1.357701586693044415e+00
3.060000000000002274e+00 1.310493268040130888e+00
3.080000000000002292e+00 1.281133170476295158e+00
3.100000000000002309e+00 1.264754870668485021e+00
3.120000000000002327e+00 1.257948997800189650e+00
3.140000000000002345e+00 1.258552980051775627e+00
3.160000000000002363e+00 1.265214917252963645e+00
3.180000000000002380e+00 1.276949577683821335e+00
3.200000000000002398e+00 1.292819813535887707e+00
3.220000000000002416e+00 1.311785231648252115e+00
3.240000000000002434e+00 1.332693739090588414e+00
3.260000000000002451e+00 1.354360000605010494e+00
3.280000000000002469e+00 1.375672031399141737e+00
3.300000000000002487e+00 1.395681459834515303e+00
3.320000000000002505e+00 1.413653512797164336e+00
3.340000000000002522e+00 1.429071971498621529e+00
3.360000000000002540e+00 1.441608213617475265e+00
3.380000000000002558e+00 1.451070692720448641e+00
3.400000000000002576e+00 1.457352293161725099e+00
3.420000000000002593e+00 1.460389489175411892e+00
3.440000000000002611e+00 1.460141163059514247e+00
3.460000000000002629e+00 1.456588316525316618e+00
3.480000000000002647e+00 1.449750354455558998e+00
3.500000000000002665e+00 1.439710112993227931e+00
3.520000000000002682e+00 1.426638654829508690e+00
3.540000000000002700e+00 1.410811821058687743e+00
3.560000000000002718e+00 1.392613016451609953e+00
3.580000000000002736e+00 1.372519976446607837e+00
3.600000000000002753e+00 1.351076605707961953e+00
3.620000000000002771e+00 1.328853803430797287e+00
3.640000000000002789e+00 1.306405092079827579e+00
3.660000000000002807e+00 1.284223631011560451e+00
3.680000000000002824e+00 1.262706801871966045e+00
3.700000000000002842e+00 1.242133148752861294e+00
3.720000000000002860e+00 1.222654334179683389e+00
3.740000000000002878e+00 1.204302318738253996e+00
3.760000000000002895e+00 1.187009609776961128e+00
3.780000000000002913e+00 1.170638543967736700e+00
3.800000000000002931e+00 1.155014465103328059e+00
3.820000000000002949e+00 1.139957483792886528e+00
3.840000000000002967e+00 1.125308243331331726e+00
3.860000000000002984e+00 1.110944588434233049e+00
3.880000000000003002e+00 1.096787938203813262e+00
3.900000000000003020e+00 1.082800132847259844e+00
3.920000000000003038e+00 1.068973190349113089e+00
3.940000000000003055e+00 1.055315481179948778e+00
3.960000000000003073e+00 1.041838137206287929e+00
3.980000000000003091e+00 1.028545038422984170e+00
4.000000000000003553e+00 1.015428601508886253e+00
4.020000000000003126e+00 1.002472081018602301e+00
4.040000000000002700e+00 9.896575081604699342e-01
4.060000000000003162e+00 9.769770577040035597e-01
4.080000000000003624e+00 9.644448148546772570e-01
4.100000000000003197e+00 9.521057653282084532e-01
4.120000000000002771e+00 9.400393704554831364e-01
4.140000000000003233e+00 9.283561946530292097e-01
4.160000000000003695e+00 9.171874939545135996e-01
4.180000000000003268e+00 9.066691574000041998e-01
4.200000000000002842e+00 8.969226197278208357e-01
4.220000000000003304e+00 8.880360903157659136e-01
4.240000000000003766e+00 8.800495272384236678e-01
4.260000000000003340e+00 8.729462115189149385e-01
4.280000000000002913e+00 8.666526580265537794e-01
4.300000000000003375e+00 8.610471525792293690e-01
4.320000000000003837e+00 8.559757059231923870e-01
4.340000000000003411e+00 8.512729456604096745e-01
4.360000000000002984e+00 8.467846587024606686e-01
4.380000000000003446e+00 8.423884882675356511e-01
4.400000000000003908e+00 8.380097022273856888e-01
4.420000000000003482e+00 8.336298869067577666e-01
4.440000000000003055e+00 8.292876893464972143e-01
4.460000000000003517e+00 8.250720830003914763e-01
4.480000000000003979e+00 8.211098127041290828e-01
4.500000000000003553e+00 8.175494744639273392e-01
4.520000000000003126e+00 8.145449775461863773e-01
4.540000000000003588e+00 8.122408989084322073e-01
4.560000000000004050e+00 8.107615565619424869e-01
4.580000000000003624e+00 8.102046662869453186e-01
4.600000000000003197e+00 8.106394192411842115e-01
4.620000000000003659e+00 8.121079417511810616e-01
4.640000000000004121e+00 8.146285454868430476e-01
4.660000000000003695e+00 8.181990421075721054e-01
4.680000000000003268e+00 8.227986834052578580e-01
4.700000000000003730e+00 8.283879072401565402e-01
4.720000000000004192e+00 8.349058634908131937e-01
4.740000000000003766e+00 8.422664719224474128e-01
4.760000000000003340e+00 8.503543431270972341e-01
4.780000000000003801e+00 8.590221402247830707e-01
4.800000000000004263e+00 8.680908147926568175e-01
4.820000000000003837e+00 8.773536453297059445e-01
4.840000000000003411e+00 8.865842508694132817e-01
4.860000000000003872e+00 8.955479126406437063e-01
4.880000000000004334e+00 9.040147992707036062e-01
4.900000000000003908e+00 9.117732216474008222e-01
4.920000000000003482e+00 9.186409514096374185e-01
4.940000000000003944e+00 9.244729509351241603e-01
4.960000000000004405e+00 9.291645242974967411e-01
4.980000000000003979e+00 9.326497742152758397e-01
5.000000000000003553e+00 9.348961581417091216e-01
5.020000000000004015e+00 9.358966864170213951e-01
5.040000000000004476e+00 9.356617366658750434e-01
5.060000000000004050e+00 9.342124761503796115e-01
5.080000000000003624e+00 9.315774780957715162e-01
5.100000000000004086e+00 9.277933683540801058e-01
5.120000000000004547e+00 9.229093976579711978e-01
5.140000000000004121e+00 9.169948969390140370e-01
5.160000000000003695e+00 9.101478358026119375e-01
5.180000000000004157e+00 9.025023256957543927e-01
5.200000000000004619e+00 8.942329760813430006e-01
5.220000000000004192e+00 8.855545198797057926e-01
5.240000000000003766e+00 8.767159784891398466e-01
5.260000000000004228e+00 8.679896693662549900e-01
5.280000000000004690e+00 8.596563640504419901e-01
5.300000000000004263e+00 8.519886781724801406e-01
5.320000000000003837e+00 8.452351583708540561e-01
5.340000000000004299e+00 8.396074423916688456e-01
5.360000000000004761e+00 8.352723207644809911e-01
5.380000000000004334e+00 8.323496268177907886e-01
5.400000000000003908e+00 8.309158038671490276e-01
5.420000000000004370e+00 8.310119580628101410e-01
5.440000000000004832e+00 8.326544098351652545e-01
5.460000000000004405e+00 8.358453646728670750e-01
5.480000000000003979e+00 8.405814126823298871e-01
5.500000000000004441e+00 8.468581165865377569e-01
5.520000000000004903e+00 8.546698467170652513e-01
5.540000000000004476e+00 8.640050855178008637e-01
5.560000000000004050e+00 8.748384357217839913e-01
5.580000000000004512e+00 8.871213185474005058e-01
5.600000000000004974e+00 9.007736862004338541e-01
5.620000000000004547e+00 9.156789258350137573e-01
5.640000000000004121e+00 9.316835277088428846e-01
5.660000000000004583e+00 9.486021496535678166e-01
5.680000000000005045e+00 9.662276232648484564e-01
5.700000000000004619e+00 9.843444351130256065e-01
5.720000000000004192e+00 1.002743485380888977e+00
5.740000000000004654e+00 1.021235627108741495e+00
5.760000000000005116e+00 1.039661685228820964e+00
5.780000000000004690e+00 1.057897309245480422e+00
5.800000000000004263e+00 1.075851997160550688e+00
5.820000000000004725e+00 1.093462744386712870e+00
5.840000000000005187e+00 1.110683795888039116e+00
5.860000000000004761e+00 1.127474706581469199e+00
5.880000000000004334e+00 1.143789197928337442e+00
5.900000000000004796e+00 1.159567081141525069e+00
5.920000000000005258e+00 1.174730844445305511e+00
5.940000000000004832e+00 1.189187510825903793e+00
5.960000000000004405e+00 1.202835266037862505e+00
5.980000000000004867e+00 1.215573360498065414e+00
6.000000000000005329e+00 1.227313107198695574e+00
6.020000000000004903e+00 1.237987571193102099e+00
6.040000000000004476e+00 1.247557822164444996e+00
6.060000000000004938e+00 1.256014344857181442e+00
6.080000000000005400e+00 1.263373225421037027e+00
6.100000000000004974e+00 1.269667845112731230e+00
6.120000000000004547e+00 1.274937786333510736e+00
6.140000000000005009e+00 1.279217286347185345e+00
6.160000000000005471e+00 1.282525726294207136e+00
6.180000000000005045e+00 1.284862278824581816e+00
6.200000000000004619e+00 1.286206023522552977e+00
6.220000000000005080e+00 1.286521734618299995e+00
6.240000000000005542e+00 1.285770370816348374e+00
6.260000000000005116e+00 1.283922290121520593e+00
6.280000000000004690e+00 1.280970580312517093e+00
6.300000000000005151e+00 1.276941772440968625e+00
6.320000000000005613e+00 1.271901624163027655e+00
6.340000000000005187e+00 1.265954547343993264e+00
6.360000000000004761e+00 1.259236441404898432e+00
6.380000000000005222e+00 1.251901950109282957e+00
6.400000000000005684e+00 1.244108238764340957e+00
6.420000000000005258e+00 1.235998077902205727e+00
6.440000000000004832e+00 1.227685180678664389e+00
6.460000000000005294e+00 1.219244339956762957e+00
6.480000000000005755e+00 1.210708023295820279e+00
6.500000000000005329e+00 1.202069881596170564e+00
6.520000000000004903e+00 1.193294343712235195e+00
6.540000000000005365e+00 1.184330354518709605e+00
6.560000000000005826e+00 1.175126583716168405e+00
6.580000000000005400e+00 1.165645226821737879e+00
6.600000000000004974e+00 1.155871874188502568e+00
6.620000000000005436e+00 1.145819763689684745e+00
6.640000000000005898e+00 1.135527887493180454e+00
6.660000000000005471e+00 1.125053661371840263e+00
6.680000000000005045e+00 1.114461939461258488e+00
6.700000000000005507e+00 1.103812855736669540e+00
6.720000000000005969e+00 1.093151159703044328e+00
6.740000000000005542e+00 1.082499355254399553e+00
6.760000000000005116e+00 1.071856125262905746e+00
6.780000000000005578e+00 1.061200400795971888e+00
6.800000000000006040e+00 1.050500242619402780e+00
6.820000000000005613e+00 1.039724686245673491e+00
6.840000000000005187e+00 1.028856066549176163e+00
6.860000000000005649e+00 1.017900212641047908e+00
6.880000000000006111e+00 1.006892313641388759e+00
6.900000000000005684e+00 9.958971182283633539e-01
6.920000000000005258e+00 9.850032709089019400e-01
6.940000000000005720e+00 9.743127751323110708e-01
6.960000000000006182e+00 9.639275672606224532e-01
6.980000000000005755e+00 9.539357844223746996e-01
7.000000000000005329e+00 9.444003912700362768e-01
7.020000000000005791e+00 9.353523776041660076e-01
7.040000000000006253e+00 9.267898404913087473e-01
7.060000000000005826e+00 9.186831004592692640e-01
7.080000000000005400e+00 9.109848048979115598e-01
7.100000000000005862e+00 9.036429830498950988e-01
7.120000000000006324e+00 8.966144346124473863e-01
7.140000000000005898e+00 8.898757752350062722e-01
7.160000000000005471e+00 8.834299392956590502e-01
7.180000000000005933e+00 8.773068579195831829e-01
7.200000000000006395e+00 8.715582044371674719e-01
7.220000000000005969e+00 8.662472949214101714e-01
7.240000000000005542e+00 8.614362082580792057e-01
7.260000000000006004e+00 8.571727522867684801e-01
7.280000000000006466e+00 8.534799368978087664e-01
7.300000000000006040e+00 8.503501143609693003e-01
7.320000000000005613e+00 8.477450116563234328e-01
7.340000000000006075e+00 8.456016964930407331e-01
7.360000000000006537e+00 8.438433251062338325e-01
7.380000000000006111e+00 8.423925551589088734e-01
7.400000000000005684e+00 8.411849648361272580e-01
7.420000000000006146e+00 8.401798087554546157e-01
7.440000000000006608e+00 8.393659655683298748e-01
7.460000000000006182e+00 8.387618871021711442e-01
7.480000000000005755e+00 8.384095544468467276e-01
7.500000000000006217e+00 8.383636441937309947e-01
7.520000000000006679e+00 8.386780691553058498e-01
7.540000000000006253e+00 8.393925904429595519e-01
7.560000000000005826e+00 8.405221951512993339e-01
7.580000000000006288e+00 8.420513959349831268e-01
7.600000000000006750e+00 8.439346417073025908e-01
7.620000000000006324e+00 8.461028239209004154e-01
7.640000000000005898e+00 8.484746587855194200e-01
7.660000000000006359e+00 8.509707602946274818e-01
7.680000000000006821e+00 8.535276824141976304e-01
7.700000000000006395e+00 8.561092063601399849e-01
7.720000000000005969e+00 8.587126799201951766e-01
7.740000000000006430e+00 8.613691743832818659e-01
7.760000000000006892e+00 8.641374210985609539e-01
7.780000000000006466e+00 8.670926883416741893e-01
7.800000000000006040e+00 8.703127252495177490e-01
7.820000000000006501e+00 8.738634455881779672e-01
7.840000000000006963e+00 8.777870464988064558e-01
7.860000000000006537e+00 8.820947563672990599e-01
7.880000000000006111e+00 8.867654847265132867e-01
7.900000000000006573e+00 8.917504903937381044e-01
7.920000000000007034e+00 8.969830210089342337e-01
7.940000000000006608e+00 9.023909355646634323e-01
7.960000000000006182e+00 9.079097828545386051e-01
7.980000000000006644e+00 9.134937727679441899e-01
8.000000000000007105e+00 9.191225433326349892e-01
8.020000000000006679e+00 9.248024946209463248e-01
8.040000000000006253e+00 9.305625533892060153e-01
8.060000000000005826e+00 9.364453302668016565e-01
8.080000000000007176e+00 9.424955176102626231e-01
8.100000000000006750e+00 9.487478795260168019e-01
8.120000000000006324e+00 9.552172137571177668e-01
8.140000000000007674e+00 9.618922219742392921e-01
8.160000000000007248e+00 9.687344081859085021e-01
8.180000000000006821e+00 9.756821049230962606e-01
8.200000000000006395e+00 9.826587114065422623e-01
8.220000000000005969e+00 9.895834199977637802e-01
8.240000000000007319e+00 9.963822641678442560e-01
8.260000000000006892e+00 1.002997323779255989e+00
8.280000000000006466e+00 1.009392360967095392e+00
8.300000000000007816e+00 1.015553933901523154e+00
8.320000000000007390e+00 1.021487981533764078e+00
8.340000000000006963e+00 1.027212793737091845e+00
8.360000000000006537e+00 1.032749990574059584e+00
8.380000000000006111e+00 1.038115491245443778e+00
8.400000000000007461e+00 1.043312392040719239e+00
8.420000000000007034e+00 1.048327214935505625e+00
8.440000000000006608e+00 1.053130237377158052e+00
8.460000000000007958e+00 1.057679731220122710e+00
8.480000000000007532e+00 1.061929111324993569e+00
8.500000000000007105e+00 1.065835394306127837e+00
8.520000000000006679e+00 1.069367117687799018e+00
8.540000000000006253e+00 1.072510016905239283e+00
8.560000000000007603e+00 1.075269265826230169e+00
8.580000000000007176e+00 1.077667843858304275e+00
8.600000000000006750e+00 1.079741435774639102e+00
8.620000000000008100e+00 1.081531018709065428e+00
8.640000000000007674e+00 1.083074784905964538e+00
8.660000000000007248e+00 1.084401183753020970e+00
8.680000000000006821e+00 1.085524613747349099e+00
8.700000000000006395e+00 1.086444708079339350e+00
8.720000000000007745e+00 1.087149361314847296e+00
8.740000000000007319e+00 1.087620809079588247e+00
8.760000000000006892e+00 1.087843377015415447e+00
8.780000000000008242e+00 1.087811110701634387e+00
8.800000000000007816e+00 1.087533475695203533e+00
8.820000000000007390e+00 1.087037687603463754e+00
8.840000000000006963e+00 1.086366924580887794e+00
8.860000000000006537e+00 1.085574548471130107e+00
8.880000000000007887e+00 1.084715335278699344e+00
8.900000000000007461e+00 1.083835406716413097e+00
8.920000000000007034e+00 1.082962912964387847e+00
8.940000000000008384e+00 1.082101459298436152e+00
8.960000000000007958e+00 1.081227796863023061e+00
8.980000000000007532e+00 1.080294496751405653e+00
9.000000000000007105e+00 1.079237351779666509e+00
9.020000000000006679e+00 1.077986295345254586e+00
9.040000000000008029e+00 1.076477884732558898e+00
9.060000000000007603e+00 1.074667021105053077e+00
9.080000000000007176e+00 1.072535653393247301e+00
9.100000000000008527e+00 1.070096733178969695e+00
9.120000000000008100e+00 1.067392558864881824e+00
9.140000000000007674e+00 1.064487705374224991e+00
9.160000000000007248e+00 1.061457776705763800e+00
9.180000000000006821e+00 1.058376039892239717e+00
9.200000000000008171e+00 1.055300437867059404e+00
9.220000000000007745e+00 1.052263445730429625e+00
9.240000000000007319e+00 1.049266730932025382e+00
9.260000000000008669e+00 1.046281694977202692e+00
9.280000000000008242e+00 1.043255877988870317e+00
9.300000000000007816e+00 1.040124105123239939e+00
9.320000000000007390e+00 1.036822354571214966e+00
9.340000000000006963e+00 1.033301801414657328e+00
9.360000000000008313e+00 1.029540439614334391e+00
9.380000000000007887e+00 1.025550115636767456e+00
9.400000000000007461e+00 1.021377640076610360e+00
9.420000000000008811e+00 1.017099721238767351e+00
9.440000000000008384e+00 1.012812585263690224e+00
9.460000000000007958e+00 1.008618103016125866e+00
9.480000000000007532e+00 1.004608859738015614e+00
9.500000000000007105e+00 1.000854770161781593e+00
9.520000000000008455e+00 9.973935353543714744e-01
9.540000000000008029e+00 9.942265222131327906e-01
9.560000000000007603e+00 9.913206609567937200e-01
9.580000000000008953e+00 9.886158857886240270e-01
9.600000000000008527e+00 9.860366859389090299e-01
9.620000000000008100e+00 9.835056594272900687e-01
9.640000000000007674e+00 9.809566839988167475e-01
9.660000000000007248e+00 9.783454761188576931e-01
9.680000000000008598e+00 9.756558559741280723e-01
9.700000000000008171e+00 9.729008603273165967e-01
9.720000000000007745e+00 9.701187856504535079e-01
9.740000000000009095e+00 9.673651262741738144e-01
9.760000000000008669e+00 9.647020397380647871e-01
9.780000000000008242e+00 9.621873141557686360e-01
9.800000000000007816e+00 9.598647851789257057e-01
9.820000000000007390e+00 9.577577781352601960e-01
9.840000000000008740e+00 9.558665210531326339e-01
9.860000000000008313e+00 9.541697158189198502e-01
9.880000000000007887e+00 9.526297127495504391e-01
9.900000000000009237e+00 9.512001413673291106e-01
9.920000000000008811e+00 9.498345039087704444e-01
9.940000000000008384e+00 9.484941829332735885e-01
9.960000000000007958e+00 9.471545383894984793e-01
9.980000000000007532e+00 9.458082102036780014e-01
1.000000000000000888e+01 9.444653023865328123e-01
1.002000000000000846e+01 9.431506923263932585e-01
1.004000000000000803e+01 9.418991809965699957e-01
1.006000000000000938e+01 9.407494998718340939e-01
1.008000000000000895e+01 9.397382810818686316e-01
1.010000000000000853e+01 9.388949839126661256e-01
1.012000000000000810e+01 9.382384958091110061e-01
1.014000000000000767e+01 9.377757576331049449e-01
1.016000000000000902e+01 9.375023789043024358e-01
1.018000000000000860e+01 9.374048805302219733e-01
1.020000000000000817e+01 9.374639820676898827e-01
1.022000000000000952e+01 9.376582625663404391e-01
1.024000000000000909e+01 9.379675646824426893e-01
1.026000000000000867e+01 9.383756532794534921e-01
1.028000000000000824e+01 9.388718395360358127e-01
1.030000000000000782e+01 9.394514931041236805e-01
1.032000000000000917e+01 9.401155478334849436e-01
1.034000000000000874e+01 9.408692343907989475e-01
1.036000000000000831e+01 9.417203359625025971e-01
1.038000000000000966e+01 9.426772669763925361e-01
1.040000000000000924e+01 9.437472361438277169e-01
1.042000000000000881e+01 9.449346951392598726e-01
1.044000000000000838e+01 9.462402116442493183e-01
1.046000000000000796e+01 9.476598519686069144e-01
1.048000000000000931e+01 9.491851167426048619e-01
1.050000000000000888e+01 9.508034382695560449e-01
1.052000000000000846e+01 9.524992111169816589e-01
1.054000000000000981e+01 9.542552805035493524e-01
1.056000000000000938e+01 9.560547536517400857e-01
1.058000000000000895e+01 9.578829333500011867e-01
1.060000000000000853e+01 9.597291143351053266e-01
1.062000000000000810e+01 9.615879504956793555e-01
1.064000000000000945e+01 9.634601126399036097e-01
1.066000000000000902e+01 9.653520245070548178e-01
1.068000000000000860e+01 9.672745890436473815e-01
1.070000000000000995e+01 9.692409836602292605e-01
1.072000000000000952e+01 9.712637848363431248e-01
1.074000000000000909e+01 9.733518429054982546e-01
1.076000000000000867e+01 9.755074297303839570e-01
1.078000000000000824e+01 9.777241953799623575e-01
1.080000000000000959e+01 9.799863804335962048e-01
1.082000000000000917e+01 9.822695443838053153e-01
1.084000000000000874e+01 9.845428154786781683e-01
1.086000000000001009e+01 9.867723883589307743e-01
1.088000000000000966e+01 9.889257472039404417e-01
1.090000000000000924e+01 9.909759260310802009e-01
1.092000000000000881e+01 9.929050731276980457e-01
1.094000000000000838e+01 9.947066795623972224e-01
1.096000000000000973e+01 9.963860511231783512e-01
1.098000000000000931e+01 9.979589111285700476e-01
1.100000000000000888e+01 9.994483607625253008e-01
1.102000000000001023e+01 1.000880727711610962e+00
1.104000000000000981e+01 1.002281041723901422e+00
1.106000000000000938e+01 1.003668944011542274e+00
1.108000000000000895e+01 1.005055750448618834e+00
1.110000000000000853e+01 1.006443162004695413e+00
1.112000000000000988e+01 1.007823794334957501e+00
1.114000000000000945e+01 1.009183346393615510e+00
1.116000000000000902e+01 1.010503916497215604e+00
1.118000000000001037e+01 1.011767766385320844e+00
1.120000000000000995e+01 1.012960770953802436e+00
1.122000000000000952e+01 1.014074884595792314e+00
1.124000000000000909e+01 1.015109182893227269e+00
1.126000000000000867e+01 1.016069351079141869e+00
1.128000000000001002e+01 1.016965821122479241e+00
1.130000000000000959e+01 1.017811037336270097e+00
1.132000000000000917e+01 1.018616497964637713e+00
1.134000000000001052e+01 1.019390243581222544e+00
1.136000000000001009e+01 1.020135340137827917e+00
1.138000000000000966e+01 1.020849664618237673e+00
1.140000000000000924e+01 1.021526998925433194e+00
1.142000000000000881e+01 1.022159140170710412e+00
1.144000000000001016e+01 1.022738508295522930e+00
1.146000000000000973e+01 1.023260624079343595e+00
1.148000000000000931e+01 1.023725864410966135e+00
1.150000000000001066e+01 1.024140068171222051e+00
1.152000000000001023e+01 1.024513827076012351e+00
1.154000000000000981e+01 1.024860592873287457e+00
1.156000000000000938e+01 1.025193999581315962e+00
1.158000000000000895e+01 1.025524978403859810e+00
1.160000000000001030e+01 1.025859294909315489e+00
1.162000000000000988e+01 1.026196052504552592e+00
1.164000000000000945e+01 1.026527502715734341e+00
1.166000000000001080e+01 1.026840226223177943e+00
1.168000000000001037e+01 1.027117459122182552e+00
1.170000000000000995e+01 1.027342098571101037e+00
1.172000000000000952e+01 1.027499781406041812e+00
1.174000000000000909e+01 1.027581416835848360e+00
1.176000000000001044e+01 1.027584670571705106e+00
1.178000000000001002e+01 1.027514116012490764e+00
1.180000000000000959e+01 1.027380040841650022e+00
1.182000000000001094e+01 1.027196166858060478e+00
1.184000000000001052e+01 1.026976751698523094e+00
1.186000000000001009e+01 1.026733651939355063e+00
1.188000000000000966e+01 1.026473918709260857e+00
1.190000000000000924e+01 1.026198375567810794e+00
1.192000000000001059e+01 1.025901423130251233e+00
1.194000000000001016e+01 1.025572070692813087e+00
1.196000000000000973e+01 1.025195962538693495e+00
1.198000000000001108e+01 1.024757991130980095e+00
1.200000000000001066e+01 1.024245002191562559e+00
1.202000000000001023e+01 1.023648109053081789e+00
1.204000000000000981e+01 1.022964236135415872e+00
1.206000000000000938e+01 1.022196677039814094e+00
1.208000000000001073e+01 1.021354644186343474e+00
1.210000000000001030e+01 1.020451964857340243e+00
1.212000000000000988e+01 1.019505210058145650e+00
1.214000000000001123e+01 1.018531607488122104e+00
1.216000000000001080e+01 1.017547083429620747e+00
1.218000000000001037e+01 1.016564710726103993e+00
1.220000000000000995e+01 1.015593732550512218e+00
1.222000000000000952e+01 1.014639210954878967e+00
1.224000000000001087e+01 1.013702240772502261e+00
1.226000000000001044e+01 1.012780592407443336e+00
1.228000000000001002e+01 1.011869610759681626e+00
1.230000000000001137e+01 1.010963200968601372e+00
1.232000000000001094e+01 1.010054765203131089e+00
1.234000000000001052e+01 1.009138003790285287e+00
1.236000000000001009e+01 1.008207543291916197e+00
1.238000000000000966e+01 1.007259391679941718e+00
1.240000000000001101e+01 1.006291240289582722e+00
1.242000000000001059e+01 1.005302634045508903e+00
1.244000000000001016e+01 1.004295021289909773e+00
1.246000000000001151e+01 1.003271681108218738e+00
1.248000000000001108e+01 1.002237518009904127e+00
1.250000000000001066e+01 1.001198717045046704e+00
1.252000000000001023e+01 1.000162268264699339e+00
1.254000000000000981e+01 9.991353943790319825e-01
1.256000000000001116e+01 9.981249423484567229e-01
1.258000000000001073e+01 9.971368197635881447e-01
1.260000000000001030e+01 9.961755626272376096e-01
1.262000000000001165e+01 9.952441083346569295e-01
1.264000000000001123e+01 9.943438168115430464e-01
1.266000000000001080e+01 9.934747393239964364e-01
1.268000000000001037e+01 9.926360874814624813e-01
1.270000000000000995e+01 9.918268149400886191e-01
1.272000000000001130e+01 9.910462006799922730e-01
1.274000000000001087e+01 9.902943214030813790e-01
1.276000000000001044e+01 9.895723225232274656e-01
1.278000000000001180e+01 9.888824380544944948e-01
1.280000000000001137e+01 9.882277607799210273e-01
1.282000000000001094e+01 9.876118144064301996e-01
1.284000000000001052e+01 9.870380181833494637e-01
1.286000000000001009e+01 9.865091535443257786e-01
1.288000000000001144e+01 9.860269380578299270e-01
1.290000000000001101e+01 9.855917858957670141e-01
1.292000000000001059e+01 9.852027924719813923e-01
1.294000000000001194e+01 9.848579334076019709e-01
1.296000000000001151e+01 9.845544250864224356e-01
1.298000000000001108e+01 9.842891649059914982e-01
1.300000000000001066e+01 9.840591596341481395e-01
1.302000000000001023e+01 9.838618611907704592e-01
1.304000000000001158e+01 9.836953571589930334e-01
1.306000000000001116e+01 9.835584011488111011e-01
1.308000000000001073e+01 9.834503066150173112e-01
1.310000000000001208e+01 9.833707579171964142e-01
1.312000000000001165e+01 9.833196076015980891e-01
1.314000000000001123e+01 9.832967260934398768e-01
1.316000000000001080e+01 9.833019505074533928e-01
1.318000000000001037e+01 9.833351482797527687e-01
1.320000000000001172e+01 9.833963765581555938e-01
1.322000000000001130e+01 9.834860882947196181e-01
1.324000000000001087e+01 9.836053181109158938e-01
1.326000000000001222e+01 9.837557797614588928e-01
1.328000000000001180e+01 9.839398230852481886e-01
1.330000000000001137e+01 9.841602284155224201e-01
1.332000000000001094e+01 9.844198540129078800e-01
1.334000000000001052e+01 9.847211888704179295e-01
1.336000000000001187e+01 9.850658909029067489e-01
1.338000000000001144e+01 9.854544025428333409e-01
1.340000000000001101e+01 9.858857287693114646e-01
1.342000000000001236e+01 9.863574371609803437e-01
1.344000000000001194e+01 9.868659000863370112e-01
1.346000000000001151e+01 9.874067530172028206e-01
1.348000000000001108e+01 9.879754991054091606e-01
1.350000000000001066e+01 9.885681573331898120e-01
1.352000000000001201e+01 9.891818365661723123e-01
1.354000000000001158e+01 9.898151243009496447e-01
1.356000000000001116e+01 9.904682064475730519e-01
1.358000000000001251e+01 9.911426788234842800e-01
1.360000000000001208e+01 9.918410646662082497e-01
1.362000000000001165e+01 9.925661060313637485e-01
1.364000000000001123e+01 9.933199408504349570e-01
1.366000000000001080e+01 9.941033035848941823e-01
1.368000000000001215e+01 9.949148906634562861e-01
1.370000000000001172e+01 9.957510109285673261e-01
1.372000000000001130e+01 9.966055989941380311e-01
1.374000000000001265e+01 9.974706122973778788e-01
1.376000000000001222e+01 9.983367699441220156e-01
1.378000000000001180e+01 9.991945335773702030e-01
1.380000000000001137e+01 1.000035187243780932e+00
1.382000000000001094e+01 1.000851852166022127e+00
1.384000000000001229e+01 1.001640277490709385e+00
1.386000000000001187e+01 1.002399279238496810e+00
1.388000000000001144e+01 1.003130752280369409e+00
1.390000000000001279e+01 1.003839245996254181e+00
1.392000000000001236e+01 1.004531162771389097e+00
1.394000000000001194e+01 1.005213698436825176e+00
1.396000000000001151e+01 1.005893685161195483e+00
1.398000000000001108e+01 1.006576513067592549e+00
1.400000000000001243e+01 1.007265294070398998e+00
1.402000000000001201e+01 1.007960391941193690e+00
1.404000000000001158e+01 1.008659382792392201e+00
1.406000000000001293e+01 1.009357439915426813e+00
1.408000000000001251e+01 1.010048068024877121e+00
1.410000000000001208e+01 1.010724056126703907e+00
1.412000000000001165e+01 1.011378484986110715e+00
1.414000000000001123e+01 1.012005620206706924e+00
1.416000000000001258e+01 1.012601546027497301e+00
1.418000000000001215e+01 1.013164443766303657e+00
1.420000000000001172e+01 1.013694483656514267e+00
1.422000000000001307e+01 1.014193368029258968e+00
1.424000000000001265e+01 1.014663624970192357e+00
1.426000000000001222e+01 1.015107793762239252e+00
1.428000000000001180e+01 1.015527659115477821e+00
1.430000000000001137e+01 1.015923677760595778e+00
1.432000000000001272e+01 1.016294701210121332e+00
1.434000000000001229e+01 1.016638040037115331e+00
1.436000000000001187e+01 1.016949849027272368e+00
1.438000000000001322e+01 1.017225751554720503e+00
1.440000000000001279e+01 1.017461577050732480e+00
1.442000000000001236e+01 1.017654065820204012e+00
1.444000000000001194e+01 1.017801404257180131e+00
1.446000000000001151e+01 1.017903488777620158e+00
1.448000000000001286e+01 1.017961871474041713e+00
1.450000000000001243e+01 1.017979403811240635e+00
1.452000000000001201e+01 1.017959654197873931e+00
1.454000000000001336e+01 1.017906219353288177e+00
1.456000000000001293e+01 1.017822069483713454e+00
1.458000000000001251e+01 1.017709059575714114e+00
1.460000000000001208e+01 1.017567705280644663e+00
1.462000000000001165e+01 1.017397268709412161e+00
1.464000000000001300e+01 1.017196137556534374e+00
1.466000000000001258e+01 1.016962422556078938e+00
1.468000000000001215e+01 1.016694654792075214e+00
1.470000000000001350e+01 1.016392444253567229e+00
1.472000000000001307e+01 1.016056967968043123e+00
1.474000000000001265e+01 1.015691188420672297e+00
1.476000000000001222e+01 1.015299754142760191e+00
1.478000000000001180e+01 1.014888594109113917e+00
1.480000000000001315e+01 1.014464274197546034e+00
1.482000000000001272e+01 1.014033226575571156e+00
1.484000000000001229e+01 1.013600983646711251e+00
1.486000000000001364e+01 1.013171543786723028e+00
1.488000000000001322e+01 1.012746968274212511e+00
1.490000000000001279e+01 1.012327263892914830e+00
1.492000000000001236e+01 1.011910553132254531e+00
1.494000000000001194e+01 1.011493484337244508e+00
1.496000000000001329e+01 1.011071797064656996e+00
1.498000000000001286e+01 1.010640939782164516e+00
1.500000000000001243e+01 1.010196640147102976e+00
1.502000000000001378e+01 1.009735350127135556e+00
1.504000000000001336e+01 1.009254523025192807e+00
1.506000000000001293e+01 1.008752718533447723e+00
1.508000000000001251e+01 1.008229566357166096e+00
1.510000000000001208e+01 1.007685641408994748e+00
1.512000000000001343e+01 1.007122309950603700e+00
1.514000000000001300e+01 1.006541596236634639e+00
1.516000000000001258e+01 1.005946096990626648e+00
1.518000000000001393e+01 1.005338943120071882e+00
1.520000000000001350e+01 1.004723782412070499e+00
1.522000000000001307e+01 1.004104740801039064e+00
1.524000000000001265e+01 1.003486317950867068e+00
1.526000000000001222e+01 1.002873186456051835e+00
1.528000000000001357e+01 1.002269890032468247e+00
1.530000000000001315e+01 1.001680468321850315e+00
1.532000000000001272e+01 1.001108066082437409e+00
1.534000000000001407e+01 1.000554604259498825e+00
1.536000000000001364e+01 1.000020593392895174e+00
1.538000000000001322e+01 9.995051533180377978e-01
1.540000000000001279e+01 9.990062689268116580e-01
1.542000000000001236e+01 9.985212659921091083e-01
1.544000000000001371e+01 9.980474430357292315e-01
1.546000000000001329e+01 9.975827555151179915e-01
1.548000000000001286e+01 9.971264267583122010e-01
1.550000000000001421e+01 9.966793623917971079e-01
1.552000000000001378e+01 9.962442729648292028e-01
1.554000000000001336e+01 9.958254591319239957e-01
1.556000000000001293e+01 9.954282762903281512e-01
1.558000000000001251e+01 9.950583589091075432e-01
1.560000000000001386e+01 9.947207360080942973e-01
1.562000000000001343e+01 9.944189972601367167e-01
1.564000000000001300e+01 9.941546671536092283e-01
1.566000000000001435e+01 9.939269115723318171e-01
1.568000000000001393e+01 9.937326423331119818e-01
1.570000000000001350e+01 9.935670114175481071e-01
1.572000000000001307e+01 9.934242120247813723e-01
1.574000000000001265e+01 9.932984429762087286e-01
1.576000000000001400e+01 9.931848588761512664e-01
1.578000000000001357e+01 9.930803282560051182e-01
1.580000000000001315e+01 9.929838565572877140e-01
1.582000000000001450e+01 9.928965941258228733e-01
1.584000000000001407e+01 9.928214293860426753e-01
1.586000000000001364e+01 9.927622484394412750e-01
1.588000000000001322e+01 9.927230083715922193e-01
1.590000000000001279e+01 9.927068091781587889e-01
1.592000000000001414e+01 9.927151505342695081e-01
1.594000000000001371e+01 9.927475239001402052e-01
1.596000000000001329e+01 9.928014243663548788e-01
1.598000000000001464e+01 9.928727830593674364e-01
1.600000000000001421e+01 9.929567363820237524e-01
1.602000000000001378e+01 9.930485797661705583e-01
1.604000000000001336e+01 9.931447148549908954e-01
1.606000000000001293e+01 9.932433981528812073e-01
1.608000000000001251e+01 9.933451366975573071e-01
1.610000000000001563e+01 9.934526450435340328e-01
1.612000000000001165e+01 9.935703643028021004e-01
1.614000000000001478e+01 9.937036310208049450e-01
1.616000000000001435e+01 9.938576538960161022e-01
1.618000000000001393e+01 9.940364956601103197e-01
1.620000000000001350e+01 9.942422578146321577e-01
1.622000000000001307e+01 9.944746271094108137e-01
1.624000000000001620e+01 9.947308722214590615e-01
1.626000000000001222e+01 9.950062909671343325e-01
1.628000000000001535e+01 9.952950200431415206e-01
1.630000000000001492e+01 9.955910483071617190e-01
1.632000000000001450e+01 9.958892350974676289e-01
1.634000000000001407e+01 9.961861348998574117e-01
1.636000000000001364e+01 9.964804687995933996e-01
1.638000000000001322e+01 9.967731537608587322e-01
1.640000000000001279e+01 9.970668887439031458e-01
1.642000000000001592e+01 9.973653844535105284e-01
1.644000000000001194e+01 9.976723936484298561e-01
1.646000000000001506e+01 9.979907375443537454e-01
1.648000000000001464e+01 9.983215233719222592e-01
1.650000000000001421e+01 9.986637088954518626e-01
1.652000000000001378e+01 9.990140996869656398e-01
1.654000000000001336e+01 9.993677783110719304e-01
1.656000000000001293e+01 9.997188786771733504e-01
1.658000000000001251e+01 1.000061550771961016e+00
1.660000000000001563e+01 1.000390924237247514e+00
1.662000000000001521e+01 1.000703880904254994e+00
1.664000000000001478e+01 1.000999485814310530e+00
1.666000000000001435e+01 1.001278995285567186e+00
1.668000000000001393e+01 1.001545445212636443e+00
1.670000000000001350e+01 1.001802905996012072e+00
1.672000000000001307e+01 1.002055555703946332e+00
1.674000000000001620e+01 1.002306757427525508e+00
1.676000000000001577e+01 1.002558323737864576e+00
1.678000000000001535e+01 1.002810111668014148e+00
1.680000000000001492e+01 1.003060023969346792e+00
1.682000000000001450e+01 1.003304410333588637e+00
1.684000000000001407e+01 1.003538782365228421e+00
1.686000000000001364e+01 1.003758694274194063e+00
1.688000000000001322e+01 1.003960609694450001e+00
1.690000000000001279e+01 1.004142579707527405e+00
1.692000000000001592e+01 1.004304596745100309e+00
1.694000000000001549e+01 1.004448555285953670e+00
1.696000000000001506e+01 1.004577829645301179e+00
1.698000000000001464e+01 1.004696555701145577e+00
1.700000000000001421e+01 1.004808761880909174e+00
1.702000000000001378e+01 1.004917523684565772e+00
1.704000000000001336e+01 1.005024310004094090e+00
1.706000000000001648e+01 1.005128650093364051e+00
1.708000000000001606e+01 1.005228185448282296e+00
1.710000000000001563e+01 1.005319094178772632e+00
1.712000000000001521e+01 1.005396802030616987e+00
1.714000000000001478e+01 1.005456838542898801e+00
1.716000000000001435e+01 1.005495669695748662e+00
1.718000000000001393e+01 1.005511344811289565e+00
1.720000000000001350e+01 1.005503833719982643e+00
1.722000000000001307e+01 1.005474992338083240e+00
1.724000000000001620e+01 1.005428168273678313e+00
1.726000000000001577e+01 1.005367528303156233e+00
1.728000000000001535e+01 1.005297242819372050e+00
1.730000000000001492e+01 1.005220688482100444e+00
1.732000000000001450e+01 1.005139824621609224e+00
1.734000000000001407e+01 1.005054863080748317e+00
1.736000000000001364e+01 1.004964292616121968e+00
1.738000000000001677e+01 1.004865249481949219e+00
1.740000000000001634e+01 1.004754159052041018e+00
1.742000000000001592e+01 1.004627522145852936e+00
1.744000000000001549e+01 1.004482693670126103e+00
1.746000000000001506e+01 1.004318504752328645e+00
1.748000000000001464e+01 1.004135611394036509e+00
1.750000000000001421e+01 1.003936506072808932e+00
1.752000000000001378e+01 1.003725192974253666e+00
1.754000000000001336e+01 1.003506590165959445e+00
1.756000000000001648e+01 1.003285771232056200e+00
1.758000000000001606e+01 1.003067185795305738e+00
1.760000000000001563e+01 1.002853998616934694e+00
1.762000000000001521e+01 1.002647661441649518e+00
1.764000000000001478e+01 1.002447786153345399e+00
1.766000000000001435e+01 1.002252331401475072e+00
1.768000000000001393e+01 1.002058058575406418e+00
1.770000000000001705e+01 1.001861167264874064e+00
1.772000000000001663e+01 1.001657993098094890e+00
1.774000000000001620e+01 1.001445646174058401e+00
1.776000000000001577e+01 1.001222485825169706e+00
1.778000000000001535e+01 1.000988362633422613e+00
1.780000000000001492e+01 1.000744603892383289e+00
1.782000000000001450e+01 1.000493765042043570e+00
1.784000000000001407e+01 1.000239208370994781e+00
1.786000000000001364e+01 9.999845948655732286e-01
1.788000000000001677e+01 9.997333820360032597e-01
1.790000000000001634e+01 9.994884100285482686e-01
1.792000000000001592e+01 9.992516338345078797e-01
1.794000000000001549e+01 9.990240268330712325e-01
1.796000000000001506e+01 9.988056472254550622e-01
1.798000000000001464e+01 9.985958307119235933e-01
1.800000000000001421e+01 9.983934549420840909e-01
1.802000000000001734e+01 9.981972162247766400e-01
1.804000000000001691e+01 9.980058663141320174e-01
1.806000000000001648e+01 9.978183739096739835e-01
1.808000000000001606e+01 9.976339972591898864e-01
1.810000000000001563e+01 9.974522757844176413e-01
1.812000000000001521e+01 9.972729653574491371e-01
1.814000000000001478e+01 9.970959506152651253e-01
1.816000000000001435e+01 9.969211674163486192e-01
1.818000000000001393e+01 9.967485602291590308e-01
1.820000000000001705e+01 9.965780856318677827e-01
1.822000000000001663e+01 9.964097579197501720e-01
1.824000000000001620e+01 9.962437198709541697e-01
1.826000000000001577e+01 9.960803140442937575e-01
1.828000000000001535e+01 9.959201291859260952e-01
1.830000000000001492e+01 9.957640023090108539e-01
1.832000000000001450e+01 9.956129680867896736e-01
1.834000000000001762e+01 9.954681605337065697e-01
1.836000000000001720e+01 9.953306842700951895e-01
1.838000000000001677e+01 9.952014810275531254e-01
1.840000000000001634e+01 9.950812194946744293e-01
1.842000000000001592e+01 9.949702325676518244e-01
1.844000000000001549e+01 9.948685164862046681e-01
1.846000000000001506e+01 9.947757933702506827e-01
1.848000000000001464e+01 9.946916252180568740e-01
1.850000000000001421e+01 9.946155564374945524e-01
1.852000000000001734e+01 9.945472558250458839e-01
1.854000000000001691e+01 9.944866288572682400e-01
1.856000000000001648e+01 9.944338771519842801e-01
1.858000000000001606e+01 9.943894926392550238e-01
1.860000000000001563e+01 9.943541870448593389e-01
1.862000000000001521e+01 9.943287699879298502e-01
1.864000000000001478e+01 9.943139987516660394e-01
1.866000000000001791e+01 9.943104277289955828e-01
1.868000000000001748e+01 9.943182848723773892e-01
1.870000000000001705e+01 9.943373965790028857e-01
1.872000000000001663e+01 9.943671727610841060e-01
1.874000000000001620e+01 9.944066525201719076e-01
1.876000000000001577e+01 9.944546002034461152e-01
1.878000000000001535e+01 9.945096337071644976e-01
1.880000000000001492e+01 9.945703630354181257e-01
1.882000000000001450e+01 9.946355177060861585e-01
1.884000000000001762e+01 9.947040460520768512e-01
1.886000000000001720e+01 9.947751764713701483e-01
1.888000000000001677e+01 9.948484385076548087e-01
1.890000000000001634e+01 9.949236485808200525e-01
1.892000000000001592e+01 9.950008699143992885e-01
1.894000000000001549e+01 9.950803580636304879e-01
1.896000000000001506e+01 9.951625025180640405e-01
1.898000000000001819e+01 9.952477718742372970e-01
1.900000000000001776e+01 9.953366661928664261e-01
1.902000000000001734e+01 9.954296765991562657e-01
1.904000000000001691e+01 9.955272499385647844e-01
1.906000000000001648e+01 9.956297558618535382e-01
1.908000000000001606e+01 9.957374549909645545e-01
1.910000000000001563e+01 9.958504691872805958e-01
1.912000000000001521e+01 9.959687574483999661e-01
1.914000000000001478e+01 9.960921025922940819e-01
1.916000000000001791e+01 9.962201138896512598e-01
1.918000000000001748e+01 9.963522488943871158e-01
1.920000000000001705e+01 9.964878541954481639e-01
1.922000000000001663e+01 9.966262204913098888e-01
1.924000000000001620e+01 9.967666434178964474e-01
1.926000000000001577e+01 9.969084791148361546e-01
1.928000000000001535e+01 9.970511834752046054e-01
1.930000000000001847e+01 9.971943267168321690e-01
1.932000000000001805e+01 9.973375799771270200e-01
1.934000000000001762e+01 9.974806770530688649e-01
1.936000000000001720e+01 9.976233607189224362e-01
1.938000000000001677e+01 9.977653276737465937e-01
1.940000000000001634e+01 9.979061877828725446e-01
1.942000000000001592e+01 9.980454511794992767e-01
1.944000000000001549e+01 9.981825511176951604e-01
1.946000000000001506e+01 9.983169022232074585e-01
1.948000000000001819e+01 9.984479846862686081e-01
1.950000000000001776e+01 9.985754370534292157e-01
1.952000000000001734e+01 9.986991355810760362e-01
1.954000000000001691e+01 9.988192380304532492e-01
1.956000000000001648e+01 9.989361748044820466e-01
1.958000000000001606e+01 9.990505798328150888e-01
1.960000000000001563e+01 9.991631659311929203e-01
1.962000000000001876e+01 9.992745620612188961e-01
1.964000000000001833e+01 9.993851402829894148e-01
1.966000000000001791e+01 9.994948658012717813e-01
1.968000000000001748e+01 9.996032027624759397e-01
1.970000000000001705e+01 9.997091009945737738e-01
1.972000000000001663e+01 9.998110757012008687e-01
1.974000000000001620e+01 9.999073754747368481e-01
1.976000000000001577e+01 9.999962169756866359e-01
1.978000000000001535e+01 1.000076050581268250e+00
1.980000000000001847e+01 1.000145813156021912e+00
1.982000000000001805e+01 1.000205123728128420e+00
1.984000000000001762e+01 1.000254385697050274e+00
1.986000000000001720e+01 1.000294774085499938e+00
1.988000000000001677e+01 1.000328105701729031e+00
1.990000000000001634e+01 1.000356610374574906e+00
1.992000000000001592e+01 1.000382638872999275e+00
1.994000000000001904e+01 1.000408354406640887e+00
1.996000000000001862e+01 1.000435457540266304e+00
1.998000000000001819e+01 1.000464988335981964e+00
2.000000000000001776e+01 1.000497235666417462e+00
2.002000000000001734e+01 1.000531764528743928e+00
2.004000000000001691e+01 1.000567551440487923e+00
2.006000000000001648e+01 1.000603199512570152e+00
2.008000000000001606e+01 1.000637191998518638e+00
2.010000000000001563e+01 1.000668138295675913e+00
2.012000000000001876e+01 1.000694970230104008e+00
2.014000000000001833e+01 1.000717058000813786e+00
2.016000000000001791e+01 1.000734231925835216e+00
2.018000000000001748e+01 1.000746714699453754e+00
2.020000000000001705e+01 1.000754985557121834e+00
2.022000000000001663e+01 1.000759609358089941e+00
2.024000000000001620e+01 1.000761068058008352e+00
2.026000000000001933e+01 1.000759628784445576e+00
2.028000000000001890e+01 1.000755272760285086e+00
2.030000000000001847e+01 1.000747694987643488e+00
2.032000000000001805e+01 1.000736369063807807e+00
2.034000000000001762e+01 1.000720658040337385e+00
2.036000000000001720e+01 1.000699943591304875e+00
2.038000000000001677e+01 1.000673743548459393e+00
2.040000000000001634e+01 1.000641792288425425e+00
2.042000000000001592e+01 1.000604068292498372e+00
2.044000000000001904e+01 1.000560766089952702e+00
2.046000000000001862e+01 1.000512222796076323e+00
2.048000000000001819e+01 1.000458819679583833e+00
2.050000000000001776e+01 1.000400884436900562e+00
2.052000000000001734e+01 1.000338619058279255e+00
2.054000000000001691e+01 1.000272071645782468e+00
2.056000000000001648e+01 1.000201159856998423e+00
2.058000000000001961e+01 1.000125741274899394e+00
2.060000000000001918e+01 1.000045714762445748e+00
2.062000000000001876e+01 9.999611292869402535e-01
2.064000000000001833e+01 9.998722744889528835e-01
2.066000000000001791e+01 9.997797309085714179e-01
2.068000000000001748e+01 9.996843664424661657e-01
2.070000000000001705e+01 9.995872773432709080e-01
2.072000000000001663e+01 9.994896842591320940e-01
2.074000000000001620e+01 9.993928037197866709e-01
2.076000000000001933e+01 9.992977208894018304e-01
2.078000000000001890e+01 9.992052891114445723e-01
2.080000000000001847e+01 9.991160758266480757e-01
2.082000000000001805e+01 9.990303641740914120e-01
2.084000000000001762e+01 9.989482072817048586e-01
2.086000000000001720e+01 9.988695206739828247e-01
2.088000000000001677e+01 9.987941899795208522e-01
2.090000000000001990e+01 9.987221680835569604e-01
2.092000000000001947e+01 9.986535387563603150e-01
2.094000000000001904e+01 9.985885319822307427e-01
2.096000000000001862e+01 9.985274878937089316e-01
2.098000000000001819e+01 9.984707787446538418e-01
2.100000000000001776e+01 9.984187088620648520e-01
2.102000000000001734e+01 9.983714185327836610e-01
2.104000000000001691e+01 9.983288178058680185e-01
2.106000000000001648e+01 9.982905700448735375e-01
2.108000000000001961e+01 9.982561339594980820e-01
2.110000000000001918e+01 9.982248591527768111e-01
2.112000000000001876e+01 9.981961169683936097e-01
2.114000000000001833e+01 9.981694386500493676e-01
2.116000000000001791e+01 9.981446289046537190e-01
2.118000000000001748e+01 9.981218260600088765e-01
2.120000000000001705e+01 9.981014897907609651e-01
2.122000000000002018e+01 9.980843120404642166e-01
2.124000000000001975e+01 9.980710633441649549e-01
2.126000000000001933e+01 9.980624017678323412e-01
2.128000000000001890e+01 9.980586818309729047e-01
2.130000000000001847e+01 9.980598036676519014e-01
2.132000000000001805e+01 9.980651373445940111e-01
2.134000000000001762e+01 9.980735444125932165e-01
2.136000000000001720e+01 9.980835007240475010e-01
2.138000000000001677e+01 9.980933047638890221e-01
2.140000000000001990e+01 9.981013381444677757e-01
2.142000000000001947e+01 9.981063331157612462e-01
2.144000000000001904e+01 9.981075984824221425e-01
2.146000000000001862e+01 9.981051611334201823e-01
2.148000000000001819e+01 9.980997945848483210e-01
2.150000000000001776e+01 9.980929259372418594e-01
2.152000000000001734e+01 9.980864346900200079e-01
2.154000000000002046e+01 9.980823767177864347e-01
2.156000000000002004e+01 9.980826805578202343e-01
2.158000000000001961e+01 9.980888682932447242e-01
2.160000000000001918e+01 9.981018487357425917e-01
2.162000000000001876e+01 9.981218171980148490e-01
2.164000000000001833e+01 9.981482764965795562e-01
2.166000000000001791e+01 9.981801717344027658e-01
2.168000000000001748e+01 9.982161111169070011e-01
2.170000000000001705e+01 9.982546303933356180e-01
2.172000000000002018e+01 9.982944521756491607e-01
2.174000000000001975e+01 9.983346943873883106e-01
2.176000000000001933e+01 9.983749936071417697e-01
2.178000000000001890e+01 9.984155266161752751e-01
2.180000000000001847e+01 9.984569334317643374e-01
2.182000000000001805e+01 9.985001635180812407e-01
2.184000000000001762e+01 9.985462801518322218e-01
2.186000000000002075e+01 9.985962636498114664e-01
2.188000000000002032e+01 9.986508515066765401e-01
2.190000000000001990e+01 9.987104433356566169e-01
2.192000000000001947e+01 9.987750832431908643e-01
2.194000000000001904e+01 9.988445152591689524e-01
2.196000000000001862e+01 9.989182922948595111e-01
2.198000000000001819e+01 9.989959089115623136e-01
2.200000000000001776e+01 9.990769249146365105e-01
2.202000000000001734e+01 9.991610508768409282e-01
2.204000000000002046e+01 9.992481770003723840e-01
2.206000000000002004e+01 9.993383408069222984e-01
2.208000000000001961e+01 9.994316438056234375e-01
2.210000000000001918e+01 9.995281392816453003e-01
2.212000000000001876e+01 9.996277200689840381e-01
2.214000000000001833e+01 9.997300352090502384e-01
2.216000000000001791e+01 9.998344578226423529e-01
2.218000000000002103e+01 9.999401148547567564e-01
2.220000000000002061e+01 1.000045975210890781e+00
2.222000000000002018e+01 1.000150979336819734e+00
2.224000000000001975e+01 1.000254183487526261e+00
2.226000000000001933e+01 1.000354887963865069e+00
2.228000000000001890e+01 1.000452721370105991e+00
2.230000000000001847e+01 1.000547661895798690e+00
2.232000000000001805e+01 1.000639989841699107e+00
2.234000000000001762e+01 1.000730180251801604e+00
2.236000000000002075e+01 1.000818757423923344e+00
2.238000000000002032e+01 1.000906141453872689e+00
2.240000000000001990e+01 1.000992518990539315e+00
2.242000000000001947e+01 1.001077765567086608e+00
2.244000000000001904e+01 1.001161436214660805e+00
2.246000000000001862e+01 1.001242826800626595e+00
2.248000000000001819e+01 1.001321093680605179e+00
2.250000000000002132e+01 1.001395406963264900e+00
2.252000000000002089e+01 1.001465105571481606e+00
2.254000000000002046e+01 1.001529821860113634e+00
2.256000000000002004e+01 1.001589549916360733e+00
2.258000000000001961e+01 1.001644643478704300e+00
2.260000000000001918e+01 1.001695744162769186e+00
2.262000000000001876e+01 1.001743655249376808e+00
2.264000000000001833e+01 1.001789187582898810e+00
2.266000000000001791e+01 1.001833009754289572e+00
2.268000000000002103e+01 1.001875533516300765e+00
2.270000000000002061e+01 1.001916857571242936e+00
2.272000000000002018e+01 1.001956780160179861e+00
2.274000000000001975e+01 1.001994875990277256e+00
2.276000000000001933e+01 1.002030619156913493e+00
2.278000000000001890e+01 1.002063523831002723e+00
2.280000000000001847e+01 1.002093270724192964e+00
2.282000000000002160e+01 1.002119790543926303e+00
2.284000000000002117e+01 1.002143285147861107e+00
2.286000000000002075e+01 1.002164180890047440e+00
2.288000000000002032e+01 1.002183023775059745e+00
2.290000000000001990e+01 1.002200339246913430e+00
2.292000000000001947e+01 1.002216487864607375e+00
2.294000000000001904e+01 1.002231549878566774e+00
2.296000000000001862e+01 1.002245266347619568e+00
2.298000000000001819e+01 1.002257052964725226e+00
